Run	Time	Name	X_pos	Y_pos	Collision	OnCue
0	0.00	Bee14	28.49	23.46	0	True
0	0.00	Bee02	29.54	22.50	0	True
0	0.00	Bee01	25.52	15.46	0	True
0	0.61	Bee16	21.01	13.65	0	True
0	0.95	Bee04	42.90	40.39	1	False
0	0.95	Bee03	42.40	41.56	1	False
0	1.26	Bee01	26.50	13.15	0	False
0	1.36	Bee03	42.40	41.55	2	False
0	3.06	Bee17	26.54	13.15	0	True
0	3.06	Bee09	11.43	14.57	1	False
0	3.59	Bee02	36.72	22.63	0	False
0	4.80	Bee11	11.81	13.30	1	False
0	5.58	Bee14	24.67	12.98	0	False
0	6.40	Bee00	35.09	31.17	0	True
0	6.93	Bee12	35.58	19.66	0	True
0	7.92	Bee17	32.92	20.49	1	True
0	7.92	Bee12	33.89	20.68	1	True
0	8.42	Bee18	9.75	24.97	1	False
0	8.42	Bee10	18.82	15.45	0	True
0	8.93	Bee15	10.50	26.39	1	False
0	9.10	Bee13	9.40	26.73	1	False
0	9.53	Bee16	14.04	30.08	0	False
0	9.90	Bee06	21.94	36.61	0	True
0	10.02	Bee11	14.03	20.17	1	True
0	12.52	Bee19	14.93	18.57	0	True
0	13.34	Bee13	13.28	22.25	1	True
0	13.72	Bee13	13.79	21.67	2	True
0	13.91	Bee19	14.71	21.36	1	True
0	17.46	Bee16	7.84	44.69	1	False
0	17.87	Bee00	12.95	25.24	0	False
0	18.16	Bee11	19.05	35.67	1	False
0	19.08	Bee10	36.90	26.74	0	False
0	21.73	Bee06	31.20	14.83	0	False
0	23.45	Bee02	36.68	23.02	0	True
0	24.08	Bee05	21.60	47.55	1	False
0	24.26	Bee11	22.81	47.28	2	False
0	26.49	Bee11	24.91	48.50	3	False
0	27.48	Bee15	25.45	49.36	2	False
0	28.36	Bee15	25.45	49.17	3	False
0	29.19	Bee13	13.97	21.85	3	True
0	35.06	Bee14	25.87	13.11	0	True
0	35.43	Bee02	12.78	24.67	0	False
0	35.86	Bee08	18.07	15.17	0	True
0	36.00	Bee11	31.37	35.01	3	True
0	40.39	Bee03	27.89	36.56	2	True
0	42.40	Bee11	36.90	23.47	3	False
0	44.77	Bee07	26.22	13.21	0	True
0	44.77	Bee03	19.77	33.32	3	True
0	44.93	Bee08	18.51	33.31	1	True
0	45.09	Bee18	13.40	20.86	2	False
0	45.69	Bee14	34.26	32.63	0	False
0	45.69	Bee11	39.74	17.55	4	False
0	45.69	Bee06	40.79	17.26	1	False
0	46.85	Bee18	13.58	20.65	3	False
0	49.05	Bee18	13.76	20.83	3	True
0	49.05	Bee18	13.76	20.83	4	True
0	49.05	Bee18	13.76	20.83	5	True
0	50.86	Bee06	34.59	18.27	1	True
0	52.57	Bee18	13.92	20.66	6	True
0	56.54	Bee13	14.11	21.69	4	True
0	56.54	Bee13	14.11	21.69	5	True
0	56.54	Bee13	14.11	21.69	6	True
0	56.73	Bee07	23.70	37.00	0	False
0	57.43	Bee10	36.75	24.94	0	True
0	58.16	Bee18	14.09	20.81	7	True
0	58.16	Bee18	14.09	20.81	8	True
0	59.38	Bee19	17.16	21.52	2	True
0	59.38	Bee06	17.77	21.01	2	True
0	59.38	Bee06	17.77	21.01	3	True
0	60.09	Bee10	32.53	21.70	1	True
0	62.22	Bee00	48.29	23.86	1	False
0	62.50	Bee12	33.79	20.47	2	True
0	62.50	Bee12	33.79	20.47	3	True
0	62.50	Bee05	48.98	24.63	2	False
0	62.82	Bee00	48.47	23.99	2	False
0	62.82	Bee00	48.47	23.99	3	False
0	63.35	Bee00	48.61	24.14	4	False
0	63.35	Bee00	48.61	24.14	5	False
0	64.14	Bee05	48.75	24.65	3	False
0	64.14	Bee05	48.75	24.65	4	False
0	64.14	Bee00	48.68	24.36	6	False
0	64.14	Bee00	48.68	24.36	7	False
0	64.14	Bee00	48.68	24.36	8	False
0	64.14	Bee00	48.68	24.36	9	False
0	65.16	Bee05	48.55	24.79	5	False
0	65.91	Bee17	32.75	20.62	2	True
0	66.23	Bee05	48.46	25.07	6	False
0	71.19	Bee01	23.57	49.46	1	False
0	73.21	Bee11	28.33	13.58	4	True
0	78.58	Bee18	21.15	13.51	8	False
0	79.94	Bee00	33.91	17.11	9	True
0	84.09	Bee00	26.64	13.13	9	False
0	84.66	Bee11	28.71	36.47	4	False
0	84.78	Bee14	33.93	32.79	0	True
0	91.70	Bee16	13.04	24.75	1	True
0	91.70	Bee14	20.12	32.01	1	True
0	93.74	Bee16	15.80	21.73	2	True
0	94.87	Bee08	18.69	33.29	2	True
0	96.49	Bee15	36.51	22.16	3	True
0	96.49	Bee13	29.78	36.15	6	False
0	98.16	Bee13	32.24	38.42	7	False
0	98.16	Bee09	33.13	37.76	2	False
0	100.63	Bee03	19.84	33.14	4	True
0	101.51	Bee04	34.37	17.84	1	True
0	101.63	Bee09	30.61	35.35	2	True
0	107.49	Bee15	19.08	35.57	3	False
0	110.69	Bee09	17.51	22.83	3	True
0	111.61	Bee01	22.09	36.60	1	True
0	113.40	Bee04	14.30	30.60	1	False
0	117.14	Bee12	33.58	20.59	4	True
0	117.14	Bee12	33.58	20.59	5	True
0	117.57	Bee11	29.95	35.85	4	True
0	118.73	Bee19	17.14	21.71	3	True
0	118.73	Bee19	17.14	21.71	4	True
0	119.13	Bee06	17.83	21.23	4	True
0	119.13	Bee06	17.83	21.23	5	True
0	120.86	Bee18	32.48	15.78	8	True
0	122.22	Bee11	30.49	26.58	5	True
0	122.22	Bee10	29.44	26.05	2	True
0	122.71	Bee18	32.29	19.47	9	True
0	122.98	Bee01	20.08	13.94	1	False
0	124.52	Bee17	32.63	20.43	3	True
0	126.60	Bee13	36.73	23.22	7	True
0	128.38	Bee13	34.80	20.23	8	True
0	143.75	Bee05	13.03	26.26	6	True
0	145.17	Bee05	12.98	23.42	6	False
0	146.39	Bee05	12.93	20.98	7	False
0	146.39	Bee01	13.06	19.87	2	False
0	148.18	Bee02	25.53	13.19	0	True
0	148.54	Bee05	13.16	20.99	8	False
0	148.54	Bee01	13.28	19.91	3	False
0	150.00	Bee16	15.94	21.87	3	True
0	150.79	Bee08	17.31	23.97	3	True
0	151.27	Bee04	29.14	36.16	1	True
0	152.87	Bee07	29.85	14.08	0	True
0	157.63	Bee14	22.03	18.74	2	True
0	159.17	Bee04	36.61	22.25	1	False
0	159.91	Bee02	19.88	35.95	0	False
0	160.03	Bee00	14.62	19.34	9	True
0	160.29	Bee07	16.13	19.75	1	True
0	160.29	Bee00	14.99	19.70	10	True
0	161.61	Bee03	27.89	36.66	4	False
0	168.69	Bee13	34.63	20.35	9	True
0	168.69	Bee13	34.63	20.35	10	True
0	169.95	Bee15	43.30	44.47	4	False
0	169.95	Bee03	43.18	43.33	5	False
0	170.89	Bee15	43.23	44.28	5	False
0	170.89	Bee15	43.23	44.28	6	False
0	170.89	Bee09	17.66	22.69	4	True
0	171.68	Bee03	43.16	43.53	6	False
0	171.68	Bee03	43.16	43.53	7	False
0	172.58	Bee03	43.25	43.72	8	False
0	172.58	Bee03	43.25	43.72	9	False
0	172.78	Bee15	43.54	44.05	7	False
0	172.78	Bee15	43.54	44.05	8	False
0	173.11	Bee12	33.47	20.35	6	True
0	173.41	Bee15	43.70	43.86	9	False
0	173.58	Bee05	20.25	14.33	8	True
0	175.40	Bee05	21.96	17.55	9	True
0	178.09	Bee19	17.34	21.72	5	True
0	178.09	Bee19	17.34	21.72	6	True
0	178.09	Bee19	17.34	21.72	7	True
0	181.06	Bee06	21.98	20.07	6	True
0	183.27	Bee11	30.30	26.58	6	True
0	185.14	Bee18	23.04	18.47	10	True
0	185.14	Bee18	23.04	18.47	11	True
0	185.50	Bee04	31.91	15.27	1	True
0	185.82	Bee01	22.61	13.33	3	True
0	187.54	Bee01	21.29	16.51	4	True
0	187.79	Bee10	23.05	20.44	3	True
0	188.15	Bee02	13.06	27.08	0	True
0	188.29	Bee02	13.01	26.81	0	False
0	192.78	Bee00	15.17	19.48	11	True
0	193.46	Bee17	14.84	31.92	3	False
0	197.30	Bee04	14.51	31.21	1	False
0	206.77	Bee16	16.08	21.72	4	True
0	211.10	Bee08	17.54	23.96	4	True
0	213.25	Bee07	16.40	20.39	2	True
0	214.82	Bee03	11.21	48.34	10	False
0	214.95	Bee13	34.48	20.14	11	True
0	215.68	Bee03	11.05	48.45	11	False
0	216.76	Bee03	11.01	48.63	12	False
0	217.87	Bee03	11.10	48.78	13	False
0	217.87	Bee03	11.10	48.78	14	False
0	218.31	Bee14	22.28	18.78	3	True
0	226.97	Bee03	9.64	45.17	15	False
0	227.78	Bee00	15.32	19.60	12	True
0	228.25	Bee04	5.26	32.64	2	False
0	231.16	Bee09	17.81	22.85	5	True
0	233.15	Bee02	15.05	31.74	0	True
0	235.33	Bee05	21.79	17.63	10	True
0	235.33	Bee05	21.79	17.63	11	True
0	237.73	Bee19	17.32	21.93	8	True
0	237.73	Bee19	17.32	21.93	9	True
0	239.59	Bee12	14.04	30.25	6	False
0	240.65	Bee12	12.14	31.21	7	False
0	240.80	Bee17	12.69	32.14	4	False
0	242.25	Bee06	22.02	20.28	7	True
0	242.97	Bee17	15.35	31.99	4	True
0	242.97	Bee02	34.68	32.27	0	False
0	245.32	Bee01	21.50	16.59	5	True
0	245.98	Bee18	23.03	18.71	12	True
0	249.22	Bee10	22.93	20.60	4	True
0	250.41	Bee11	30.92	14.55	6	False
0	252.77	Bee15	12.97	26.17	9	True
0	253.01	Bee17	35.42	30.90	4	False
0	254.72	Bee15	16.25	24.09	10	True
0	262.59	Bee02	33.82	32.94	0	True
0	263.96	Bee16	16.22	21.86	5	True
0	267.59	Bee04	20.44	13.91	2	True
0	268.53	Bee04	20.84	15.75	3	True
0	269.43	Bee13	20.23	31.83	12	True
0	270.48	Bee00	19.09	14.46	12	False
0	271.07	Bee03	22.59	36.68	15	True
0	271.52	Bee08	17.54	24.16	5	True
0	271.52	Bee02	15.95	32.97	0	False
0	271.79	Bee07	20.85	18.32	3	True
0	278.62	Bee03	36.01	29.74	15	False
0	279.22	Bee14	22.22	19.04	4	True
0	285.79	Bee03	48.75	23.15	16	False
0	287.63	Bee03	48.69	22.98	17	False
0	290.20	Bee00	29.37	13.88	12	True
0	290.79	Bee02	13.11	25.09	0	True
0	291.51	Bee09	17.98	22.69	6	True
0	291.89	Bee02	14.99	23.97	1	True
0	295.26	Bee05	21.89	17.80	12	True
0	295.49	Bee03	35.89	20.43	17	True
0	297.51	Bee19	17.57	21.94	10	True
0	297.51	Bee19	17.57	21.94	11	True
0	301.08	Bee00	30.86	35.57	12	False
0	301.44	Bee03	24.23	18.11	18	True
0	303.53	Bee06	22.24	20.23	8	True
0	303.53	Bee06	22.24	20.23	9	True
0	303.53	Bee01	21.42	16.80	6	True
0	306.82	Bee18	23.22	18.72	13	True
0	311.90	Bee17	35.93	29.33	4	True
0	313.68	Bee15	16.34	24.26	11	True
0	318.34	Bee10	35.89	29.75	4	False
0	321.81	Bee16	16.48	21.57	6	True
0	322.41	Bee04	21.02	15.70	4	True
0	323.44	Bee17	12.98	26.88	4	False
0	328.43	Bee00	3.93	26.79	13	False
0	330.28	Bee00	1.76	26.44	14	False
0	332.05	Bee07	21.01	18.75	4	True
0	332.24	Bee00	1.77	26.07	15	False
0	333.04	Bee13	15.44	25.20	13	True
0	339.78	Bee00	13.15	23.29	15	True
0	340.16	Bee14	22.46	19.07	5	True
0	340.16	Bee14	22.46	19.07	6	True
0	340.32	Bee00	14.22	23.03	16	True
0	341.47	Bee08	36.77	22.52	5	False
0	346.61	Bee02	15.07	24.14	2	True
0	348.13	Bee10	34.88	31.64	4	True
0	354.92	Bee10	22.66	25.74	5	True
0	355.38	Bee05	21.73	17.88	13	True
0	355.38	Bee05	21.73	17.88	14	True
0	358.17	Bee19	17.44	23.45	12	True
0	360.94	Bee09	30.51	35.76	6	False
0	361.91	Bee11	22.82	36.81	6	True
0	362.19	Bee03	24.20	18.38	19	True
0	362.19	Bee01	21.68	16.88	7	True
0	366.82	Bee06	23.13	24.62	10	True
0	367.76	Bee18	23.20	18.92	14	True
0	372.73	Bee15	16.51	24.16	12	True
0	373.15	Bee12	34.37	32.31	7	True
0	373.58	Bee11	32.35	15.52	6	False
0	376.19	Bee08	27.45	13.34	5	True
0	376.32	Bee04	21.09	15.96	5	True
0	380.31	Bee16	17.11	22.16	7	True
0	380.31	Bee08	25.64	21.39	6	True
0	380.63	Bee17	29.20	13.95	4	True
0	381.52	Bee12	22.86	20.16	8	True
0	382.97	Bee00	14.26	23.21	17	True
0	383.73	Bee17	25.36	18.83	5	True
0	389.98	Bee13	15.62	25.09	14	True
0	389.98	Bee13	15.62	25.09	15	True
0	391.39	Bee09	36.03	29.50	6	True
0	392.48	Bee07	21.20	18.68	5	True
0	392.48	Bee07	21.20	18.68	6	True
0	398.42	Bee09	26.71	18.97	7	True
0	401.06	Bee14	22.44	19.29	7	True
0	401.98	Bee02	15.27	24.04	3	True
0	401.98	Bee02	15.27	24.04	4	True
0	415.43	Bee05	21.82	18.03	15	True
0	416.53	Bee10	22.75	25.58	6	True
0	420.97	Bee19	22.74	23.57	13	True
0	421.26	Bee01	21.58	17.16	8	True
0	423.09	Bee03	24.40	18.39	20	True
0	424.02	Bee11	34.45	17.72	6	True
0	428.71	Bee18	23.39	18.93	15	True
0	428.86	Bee00	14.72	23.08	18	True
0	431.20	Bee11	20.67	13.69	6	False
0	432.13	Bee15	16.62	24.35	13	True
0	435.23	Bee06	36.16	20.68	10	False
0	436.21	Bee04	29.13	13.60	5	False
0	442.00	Bee16	20.00	18.95	8	True
0	442.72	Bee08	23.72	20.81	7	True
0	442.72	Bee08	23.72	20.81	8	True
0	444.62	Bee17	25.51	18.94	6	True
0	446.16	Bee12	17.76	25.06	9	True
0	452.92	Bee07	21.26	18.85	7	True
0	453.81	Bee11	14.20	19.75	6	True
0	454.38	Bee13	23.21	36.87	15	False
0	458.52	Bee02	15.41	24.41	5	True
0	458.77	Bee11	21.80	26.12	7	True
0	459.36	Bee09	26.59	19.10	8	True
0	462.13	Bee14	22.66	19.29	8	True
0	462.13	Bee14	22.66	19.29	9	True
0	463.40	Bee06	34.99	18.83	10	True
0	467.08	Bee06	27.66	19.55	11	True
0	475.66	Bee05	21.65	18.12	16	True
0	480.33	Bee00	14.79	23.47	19	True
0	480.57	Bee01	21.79	17.23	9	True
0	483.39	Bee19	22.60	25.14	14	True
0	483.91	Bee03	24.38	18.56	21	True
0	483.91	Bee03	24.38	18.56	22	True
0	484.89	Bee10	34.22	32.71	6	False
0	489.68	Bee18	23.37	19.12	16	True
0	489.68	Bee18	23.37	19.12	17	True
0	491.60	Bee15	16.79	24.24	14	True
0	496.79	Bee13	35.25	19.12	15	True
1	0.07	Bee13	43.62	41.64	15	False
1	0.29	Bee04	23.19	33.20	5	True
1	0.56	Bee16	19.28	2.53	8	False
1	3.85	Bee08	4.46	19.68	8	False
1	6.95	Bee17	2.37	16.65	6	False
1	7.21	Bee12	11.69	38.70	9	False
1	7.48	Bee04	12.95	23.10	5	False
1	13.24	Bee12	20.06	47.38	10	False
1	13.38	Bee04	4.56	14.82	6	False
1	14.52	Bee07	36.22	29.19	7	False
1	14.92	Bee12	19.97	47.54	11	False
1	15.53	Bee04	4.42	14.98	7	False
1	15.81	Bee12	19.98	47.76	12	False
1	15.96	Bee02	9.77	24.39	5	False
1	16.09	Bee02	10.01	24.30	6	False
1	16.38	Bee04	4.20	15.08	8	False
1	16.38	Bee04	4.20	15.08	9	False
1	16.67	Bee12	19.88	47.95	13	False
1	17.13	Bee17	13.06	24.66	6	True
1	17.67	Bee04	4.02	14.98	10	False
1	17.67	Bee04	4.02	14.98	11	False
1	18.57	Bee04	3.82	15.00	12	False
1	18.57	Bee04	3.82	15.00	13	False
1	19.03	Bee02	13.10	25.98	6	True
1	19.69	Bee09	20.65	48.65	8	False
1	20.42	Bee11	37.61	49.35	7	False
1	22.17	Bee10	4.16	13.57	7	False
1	22.34	Bee16	16.22	16.80	8	True
1	22.67	Bee10	3.99	13.63	8	False
1	23.61	Bee10	3.88	13.78	9	False
1	24.22	Bee14	30.50	49.50	9	False
1	25.18	Bee10	4.00	14.03	10	False
1	25.18	Bee10	4.00	14.03	11	False
1	26.30	Bee10	3.95	14.24	12	False
1	26.30	Bee10	3.95	14.24	13	False
1	26.30	Bee10	3.95	14.24	14	False
1	26.97	Bee06	44.53	4.70	11	False
1	27.10	Bee06	44.56	4.95	12	False
1	28.09	Bee17	32.77	34.25	6	False
1	29.00	Bee06	44.36	5.01	13	False
1	29.19	Bee09	25.75	37.74	9	False
1	29.19	Bee02	30.95	35.70	6	False
1	29.71	Bee09	25.77	37.56	10	False
1	29.71	Bee06	44.17	4.99	14	False
1	30.64	Bee09	25.90	37.41	11	False
1	30.64	Bee06	44.02	4.87	15	False
1	32.93	Bee07	34.70	14.10	8	False
1	33.07	Bee09	25.25	36.87	11	True
1	33.64	Bee07	34.51	14.07	9	False
1	34.18	Bee05	33.73	13.62	16	False
1	34.18	Bee05	33.73	13.62	17	False
1	34.38	Bee16	35.70	30.96	8	False
1	34.64	Bee10	16.16	17.00	14	True
1	34.76	Bee07	34.31	14.20	10	False
1	35.70	Bee05	33.74	13.81	18	False
1	36.36	Bee07	32.71	15.94	10	True
1	38.71	Bee05	31.09	14.79	18	True
1	40.93	Bee00	36.07	20.65	19	False
1	41.07	Bee09	12.92	26.68	11	False
1	41.60	Bee01	14.43	11.71	9	False
1	41.85	Bee17	47.97	40.79	7	False
1	41.85	Bee16	47.79	39.74	9	False
1	42.54	Bee17	47.84	40.63	8	False
1	42.92	Bee04	3.15	15.73	14	False
1	43.35	Bee19	10.71	28.36	14	False
1	43.35	Bee03	3.75	14.50	22	False
1	43.83	Bee16	47.68	39.93	10	False
1	44.00	Bee19	11.81	27.65	15	False
1	44.00	Bee19	11.81	27.65	16	False
1	44.46	Bee16	47.53	40.38	11	False
1	44.46	Bee16	47.53	40.38	12	False
1	44.46	Bee16	47.53	40.38	13	False
1	45.09	Bee10	36.54	21.62	14	False
1	45.79	Bee19	13.52	27.73	16	True
1	46.51	Bee14	38.10	22.91	10	False
1	46.75	Bee09	4.17	19.45	12	False
1	46.75	Bee08	11.63	21.62	9	False
1	46.75	Bee08	11.63	21.62	10	False
1	46.75	Bee04	4.69	19.02	15	False
1	46.75	Bee01	11.00	21.42	10	False
1	47.60	Bee08	11.64	21.23	11	False
1	48.23	Bee05	13.21	21.36	18	False
1	48.41	Bee07	16.35	33.63	10	False
1	48.41	Bee05	12.88	21.48	19	False
1	48.66	Bee13	41.86	46.00	16	False
1	50.91	Bee18	43.75	5.51	17	False
1	51.09	Bee05	13.33	22.45	19	True
1	51.28	Bee15	48.66	12.85	14	False
1	51.46	Bee12	15.37	32.21	13	True
1	51.46	Bee03	19.97	14.20	22	True
1	53.42	Bee04	13.09	27.05	15	True
1	53.83	Bee15	48.51	14.59	15	False
1	53.83	Bee14	47.78	14.45	11	False
1	54.42	Bee15	48.37	14.79	16	False
1	54.42	Bee14	47.92	14.25	12	False
1	54.76	Bee04	15.04	28.92	16	True
1	56.00	Bee15	48.10	14.75	17	False
1	56.00	Bee15	48.10	14.75	18	False
1	56.31	Bee03	29.67	14.02	22	False
1	56.46	Bee11	33.72	32.92	7	True
1	57.31	Bee19	36.53	28.75	16	False
1	58.28	Bee19	38.47	28.83	17	False
1	58.28	Bee13	39.20	29.64	17	False
1	58.45	Bee05	19.51	35.81	19	False
1	59.26	Bee13	39.30	29.43	18	False
1	60.07	Bee18	43.27	9.71	18	False
1	60.41	Bee19	38.46	29.11	18	False
1	60.41	Bee13	39.22	29.17	19	False
1	61.39	Bee00	42.60	8.77	20	False
1	62.04	Bee13	38.96	29.13	20	False
1	62.04	Bee13	38.96	29.13	21	False
1	62.04	Bee13	38.96	29.13	22	False
1	62.39	Bee18	43.17	9.46	19	False
1	62.39	Bee18	43.17	9.46	20	False
1	63.20	Bee12	29.91	13.78	13	False
1	63.88	Bee18	42.87	9.41	21	False
1	63.88	Bee10	36.75	24.40	14	True
1	65.00	Bee11	16.65	33.69	7	False
1	67.11	Bee17	29.23	35.85	8	True
1	69.96	Bee02	1.19	48.58	7	False
1	70.54	Bee02	1.38	48.72	8	False
1	70.93	Bee08	17.39	15.80	11	True
1	71.78	Bee18	35.70	19.87	21	True
1	72.06	Bee02	1.34	49.00	9	False
1	72.06	Bee02	1.34	49.00	10	False
1	75.81	Bee10	12.91	23.38	14	False
1	77.85	Bee06	34.51	17.87	15	True
1	78.11	Bee03	36.57	27.42	22	True
1	78.96	Bee17	19.92	14.07	8	False
1	79.50	Bee02	1.35	49.31	11	False
1	80.03	Bee02	1.49	49.12	12	False
1	80.42	Bee07	1.79	49.57	11	False
1	80.42	Bee07	1.79	49.57	12	False
1	81.74	Bee08	37.05	24.76	11	False
1	82.27	Bee18	23.85	37.17	21	False
1	84.63	Bee03	27.59	36.85	22	False
1	84.80	Bee19	36.52	27.38	18	True
1	84.99	Bee14	26.41	13.44	12	True
1	87.29	Bee15	33.67	32.83	18	True
1	89.99	Bee06	16.77	34.44	15	False
1	92.75	Bee03	16.38	48.62	23	False
1	93.32	Bee02	23.64	36.93	12	True
1	93.77	Bee12	46.80	23.41	14	False
1	93.77	Bee09	47.39	23.95	13	False
1	94.21	Bee03	16.45	48.84	24	False
1	94.37	Bee09	47.22	23.67	14	False
1	94.37	Bee09	47.22	23.67	15	False
1	94.37	Bee09	47.22	23.67	16	False
1	95.77	Bee11	23.54	8.07	8	False
1	96.40	Bee19	15.61	17.29	18	False
1	96.55	Bee03	16.18	49.12	25	False
1	96.55	Bee03	16.18	49.12	26	False
1	96.86	Bee14	23.88	37.05	12	False
1	97.92	Bee15	26.03	12.99	18	False
1	99.01	Bee10	22.99	39.85	15	False
1	100.27	Bee02	35.82	30.23	12	False
1	101.81	Bee17	34.94	14.86	9	False
1	101.81	Bee00	35.90	14.83	21	False
1	103.16	Bee17	34.96	15.10	10	False
1	103.16	Bee00	35.70	14.97	22	False
1	104.31	Bee00	35.66	15.18	23	False
1	105.01	Bee17	34.18	17.46	10	True
1	107.10	Bee01	14.49	30.85	10	True
1	107.30	Bee03	13.95	31.87	27	False
1	107.59	Bee00	32.28	15.58	23	True
1	107.71	Bee02	48.86	23.05	13	False
1	107.86	Bee13	29.32	14.00	22	True
1	108.55	Bee00	30.37	15.81	24	True
1	108.70	Bee13	29.15	15.68	23	True
1	109.30	Bee02	49.19	22.80	14	False
1	111.36	Bee02	48.99	22.69	15	False
1	112.05	Bee02	48.87	22.54	16	False
1	112.88	Bee04	28.84	13.56	16	False
1	113.01	Bee02	48.84	22.29	17	False
1	113.31	Bee18	16.85	33.82	21	True
1	113.59	Bee09	49.40	21.75	17	False
1	113.99	Bee02	48.68	22.12	18	False
1	114.54	Bee09	49.16	21.73	18	False
1	114.54	Bee09	49.16	21.73	19	False
1	114.74	Bee02	48.54	21.76	19	False
1	115.19	Bee17	27.81	36.79	10	False
1	115.71	Bee09	48.95	21.88	20	False
1	115.71	Bee09	48.95	21.88	21	False
1	115.71	Bee09	48.95	21.88	22	False
1	119.22	Bee01	35.34	18.50	10	False
1	119.80	Bee17	24.93	45.55	11	False
1	119.80	Bee14	24.92	46.29	13	False
1	120.45	Bee11	48.16	14.26	9	False
1	120.45	Bee06	23.77	45.75	16	False
1	120.45	Bee06	23.77	45.75	17	False
1	121.21	Bee06	24.06	45.64	18	False
1	121.21	Bee06	24.06	45.64	19	False
1	121.21	Bee06	24.06	45.64	20	False
1	121.64	Bee17	24.60	45.56	12	False
1	121.64	Bee17	24.60	45.56	13	False
1	121.64	Bee17	24.60	45.56	14	False
1	122.63	Bee11	47.16	15.99	10	False
1	122.83	Bee18	18.43	14.86	21	False
1	123.00	Bee17	24.00	45.14	15	False
1	123.18	Bee12	34.90	31.40	14	True
1	124.00	Bee05	48.47	21.80	20	False
1	125.52	Bee05	48.75	21.84	21	False
1	127.15	Bee05	48.82	22.12	22	False
1	127.15	Bee05	48.82	22.12	23	False
1	128.06	Bee05	48.95	22.25	24	False
1	128.06	Bee05	48.95	22.25	25	False
1	129.15	Bee03	13.90	29.56	27	True
1	131.55	Bee12	31.68	14.98	14	False
1	131.68	Bee08	36.45	27.29	11	True
1	137.04	Bee15	35.03	31.32	18	True
1	137.44	Bee03	29.05	36.34	27	False
1	140.83	Bee15	29.26	36.22	18	False
1	142.52	Bee19	44.65	14.99	19	False
1	142.52	Bee09	44.65	16.14	23	False
1	143.54	Bee09	44.40	16.07	24	False
1	143.71	Bee08	12.88	22.41	11	False
1	144.01	Bee19	44.39	15.02	20	False
1	146.16	Bee19	42.51	13.71	21	False
1	146.16	Bee01	42.33	12.64	11	False
1	147.59	Bee01	42.29	12.82	12	False
1	147.85	Bee19	42.55	13.48	22	False
1	147.85	Bee19	42.55	13.48	23	False
1	148.06	Bee03	48.43	45.00	28	False
1	148.57	Bee03	48.62	45.05	29	False
1	149.04	Bee19	42.73	13.35	24	False
1	149.32	Bee03	48.88	44.99	30	False
1	149.32	Bee03	48.88	44.99	31	False
1	149.73	Bee07	0.41	21.06	13	False
1	150.03	Bee09	32.36	15.72	24	True
1	150.36	Bee09	31.70	15.70	25	True
1	150.69	Bee03	49.00	44.75	32	False
1	150.69	Bee03	49.00	44.75	33	False
1	150.87	Bee11	36.14	21.90	10	True
1	159.40	Bee18	12.75	36.09	22	False
1	159.40	Bee05	13.80	35.59	26	False
1	159.72	Bee15	15.80	42.79	19	False
1	159.85	Bee10	15.69	41.62	16	False
1	161.08	Bee17	13.95	29.93	15	True
1	161.57	Bee10	15.66	41.81	17	False
1	161.72	Bee17	14.95	29.15	16	True
1	161.72	Bee11	15.79	29.36	11	True
1	161.72	Bee11	15.79	29.36	12	True
1	162.35	Bee06	36.31	21.32	20	True
1	163.64	Bee03	28.90	36.25	33	True
1	163.76	Bee00	33.13	33.78	24	False
1	165.45	Bee06	32.01	16.86	21	True
1	166.25	Bee13	18.88	14.60	23	False
1	169.53	Bee09	31.71	15.95	26	True
1	169.53	Bee09	31.71	15.95	27	True
1	170.44	Bee05	11.22	14.88	27	False
1	170.86	Bee03	15.59	30.63	34	True
1	174.73	Bee05	5.93	12.43	28	False
1	174.73	Bee01	5.73	11.58	13	False
1	176.28	Bee01	5.47	11.63	14	False
1	181.96	Bee02	28.85	36.26	19	True
1	186.69	Bee19	1.66	20.76	25	False
1	186.84	Bee10	21.54	36.42	17	True
1	187.12	Bee02	18.56	35.28	19	False
1	187.64	Bee07	0.40	20.94	14	False
1	188.07	Bee19	1.38	20.63	26	False
1	189.84	Bee19	1.21	20.82	27	False
1	189.84	Bee12	33.88	32.52	14	True
1	191.46	Bee16	14.79	31.58	14	False
1	191.84	Bee19	1.05	20.69	28	False
1	191.84	Bee19	1.05	20.69	29	False
1	192.46	Bee14	42.46	39.00	14	False
1	192.46	Bee00	43.09	38.31	25	False
1	193.16	Bee14	42.41	38.77	15	False
1	193.54	Bee16	14.74	31.37	15	False
1	193.54	Bee16	14.74	31.37	16	False
1	193.71	Bee15	36.20	28.98	19	True
1	193.96	Bee19	0.92	20.88	30	False
1	193.96	Bee19	0.92	20.88	31	False
1	194.39	Bee13	14.10	1.87	24	False
1	194.39	Bee00	43.04	38.10	26	False
1	195.69	Bee19	1.04	21.03	32	False
1	195.69	Bee16	14.94	31.34	16	True
1	195.69	Bee16	14.94	31.34	17	True
1	197.62	Bee10	28.93	16.16	18	True
1	197.62	Bee09	29.87	15.98	28	True
1	197.62	Bee09	29.87	15.98	29	True
1	199.31	Bee14	34.79	31.27	15	True
1	201.32	Bee16	14.89	31.13	18	True
1	201.32	Bee16	14.89	31.13	19	True
1	201.70	Bee12	16.89	15.98	14	False
1	202.02	Bee00	36.79	25.02	26	True
1	202.31	Bee04	21.70	36.41	16	True
1	204.28	Bee19	13.89	30.93	33	False
1	204.66	Bee15	20.52	13.70	19	False
1	206.24	Bee00	33.15	17.41	27	True
1	206.39	Bee19	14.07	30.69	34	False
1	206.67	Bee17	15.06	29.33	17	True
1	206.67	Bee17	15.06	29.33	18	True
1	207.25	Bee15	16.82	10.09	20	False
1	207.25	Bee01	16.59	9.42	15	False
1	207.25	Bee01	16.59	9.42	16	False
1	208.30	Bee01	16.76	9.54	17	False
1	208.30	Bee01	16.76	9.54	18	False
1	208.58	Bee19	14.25	30.85	35	False
1	208.58	Bee19	14.25	30.85	36	False
1	210.70	Bee19	14.38	30.69	36	True
1	210.70	Bee19	14.38	30.69	37	True
1	210.70	Bee19	14.38	30.69	38	True
1	210.70	Bee04	13.16	21.96	16	False
1	210.93	Bee14	18.22	14.97	15	False
1	211.10	Bee16	15.23	31.10	20	True
1	211.10	Bee16	15.23	31.10	21	True
1	213.03	Bee19	14.52	30.81	39	True
1	213.03	Bee19	14.52	30.81	40	True
1	214.70	Bee03	15.68	30.44	35	True
1	214.70	Bee03	15.68	30.44	36	True
1	215.44	Bee11	15.72	29.17	13	True
1	216.01	Bee19	14.64	30.64	41	True
1	216.01	Bee19	14.64	30.64	42	True
1	216.55	Bee08	10.66	6.08	12	False
1	216.71	Bee14	9.98	6.86	16	False
1	218.39	Bee14	10.06	6.68	17	False
1	222.18	Bee06	16.08	33.40	21	False
1	225.16	Bee07	18.35	14.96	14	True
1	225.65	Bee19	14.79	30.77	43	True
1	225.65	Bee19	14.79	30.77	44	True
1	225.65	Bee19	14.79	30.77	45	True
1	225.65	Bee19	14.79	30.77	46	True
1	226.77	Bee14	21.31	12.77	18	False
1	226.77	Bee07	21.40	13.94	15	True
1	227.42	Bee14	21.69	12.89	19	False
1	229.71	Bee14	21.56	13.18	20	False
1	229.71	Bee14	21.56	13.18	21	False
1	230.01	Bee02	43.95	45.41	20	False
1	230.01	Bee02	43.95	45.41	21	False
1	232.03	Bee14	21.82	13.27	22	False
1	233.91	Bee16	15.20	30.88	22	True
1	233.91	Bee16	15.20	30.88	23	True
1	233.91	Bee16	15.20	30.88	24	True
1	233.91	Bee16	15.20	30.88	25	True
1	233.91	Bee16	15.20	30.88	26	True
1	234.38	Bee14	21.65	13.58	22	True
1	234.38	Bee14	21.65	13.58	23	True
1	234.38	Bee14	21.65	13.58	24	True
1	234.38	Bee14	21.65	13.58	25	True
1	237.75	Bee14	21.80	13.66	26	True
1	238.65	Bee19	14.90	30.62	47	True
1	238.65	Bee19	14.90	30.62	48	True
1	242.47	Bee18	6.38	43.89	23	False
1	242.47	Bee15	6.57	42.83	21	False
1	243.82	Bee13	31.97	34.42	24	True
1	247.17	Bee01	19.17	14.63	18	True
1	249.69	Bee09	29.87	16.25	30	True
1	251.44	Bee00	13.01	27.18	27	False
1	251.57	Bee07	27.98	36.72	15	False
1	253.27	Bee17	15.26	29.20	19	True
1	253.27	Bee17	15.26	29.20	20	True
1	253.27	Bee17	15.26	29.20	21	True
1	254.05	Bee01	15.64	27.92	19	True
1	254.71	Bee14	12.92	25.43	26	False
1	255.78	Bee13	17.17	15.63	24	False
1	257.43	Bee08	35.90	20.26	12	True
1	257.57	Bee02	37.22	20.17	22	False
1	258.07	Bee10	20.66	13.74	18	False
1	259.72	Bee02	36.04	20.99	22	True
1	260.18	Bee19	15.09	30.78	49	True
1	260.18	Bee19	15.09	30.78	50	True
1	260.39	Bee06	21.52	36.29	21	True
1	261.17	Bee16	15.45	30.84	27	True
1	261.17	Bee16	15.45	30.84	28	True
1	261.17	Bee16	15.45	30.84	29	True
1	261.40	Bee12	5.92	36.47	15	False
1	262.32	Bee03	15.87	30.54	37	True
1	269.03	Bee08	17.93	34.93	12	False
1	269.16	Bee11	15.99	29.09	14	True
1	269.43	Bee06	36.78	26.59	21	False
1	271.28	Bee02	17.07	34.20	22	False
1	272.29	Bee02	15.41	35.35	23	False
1	272.29	Bee00	15.32	36.47	28	False
1	273.31	Bee02	15.34	35.55	24	False
1	274.69	Bee06	45.67	20.94	22	False
1	274.69	Bee05	46.50	21.69	29	False
1	275.96	Bee05	46.32	21.72	30	False
1	275.96	Bee05	46.32	21.72	31	False
1	276.29	Bee06	45.90	21.09	23	False
1	276.29	Bee06	45.90	21.09	24	False
1	277.18	Bee05	46.12	21.57	32	False
1	277.18	Bee05	46.12	21.57	33	False
1	277.78	Bee06	46.06	21.00	25	False
1	279.29	Bee12	6.26	1.44	16	False
1	279.58	Bee13	6.30	0.44	25	False
1	282.95	Bee00	31.11	48.60	29	False
1	283.69	Bee00	31.31	48.89	30	False
1	283.89	Bee05	36.70	26.35	33	True
1	286.11	Bee10	21.48	13.57	18	True
1	286.46	Bee19	15.29	30.53	51	True
1	286.46	Bee19	15.29	30.53	52	True
1	286.46	Bee19	15.29	30.53	53	True
1	286.46	Bee07	31.37	49.59	16	False
1	286.46	Bee07	31.37	49.59	17	False
1	289.94	Bee10	28.93	15.42	19	True
1	293.77	Bee04	32.82	16.00	16	True
1	293.89	Bee05	18.87	35.39	33	False
1	296.34	Bee04	35.86	20.15	16	False
1	297.08	Bee16	15.40	30.62	30	True
1	297.08	Bee16	15.40	30.62	31	True
1	297.98	Bee05	11.57	39.10	34	False
1	300.48	Bee15	33.89	32.94	21	True
1	302.03	Bee07	32.86	33.89	17	True
1	303.16	Bee00	1.48	36.03	31	False
1	303.31	Bee17	15.40	29.46	22	True
1	303.31	Bee17	15.40	29.46	23	True
1	303.31	Bee17	15.40	29.46	24	True
1	303.92	Bee09	29.70	16.24	31	True
1	304.33	Bee00	1.27	36.11	32	False
1	309.25	Bee13	3.06	41.85	26	False
1	309.62	Bee15	15.60	32.84	21	False
1	309.99	Bee01	15.88	27.96	20	True
1	310.28	Bee07	34.20	17.44	17	False
1	311.52	Bee03	15.96	30.37	38	True
1	311.52	Bee03	15.96	30.37	39	True
1	313.23	Bee05	0.49	48.33	35	False
1	313.23	Bee05	0.49	48.33	36	False
1	314.36	Bee05	0.41	48.50	37	False
1	315.54	Bee14	24.28	36.94	26	True
1	318.85	Bee08	0.87	49.59	13	False
1	319.92	Bee08	1.04	49.42	14	False
1	320.71	Bee08	1.22	49.36	15	False
1	321.52	Bee04	35.00	31.14	16	True
1	322.99	Bee00	1.79	49.59	33	False
1	323.87	Bee00	1.59	49.46	34	False
1	323.87	Bee00	1.59	49.46	35	False
1	324.25	Bee02	13.70	27.14	24	True
1	324.63	Bee19	15.49	30.69	54	True
1	324.63	Bee19	15.49	30.69	55	True
1	324.63	Bee18	36.73	24.00	23	True
1	324.99	Bee11	15.87	28.84	15	True
1	324.99	Bee11	15.87	28.84	16	True
1	326.51	Bee14	34.44	17.49	26	False
1	327.55	Bee00	1.31	49.44	36	False
1	328.81	Bee00	1.13	49.47	37	False
1	328.81	Bee00	1.13	49.47	38	False
1	328.99	Bee06	34.15	32.53	25	True
1	329.79	Bee07	36.09	11.63	18	False
1	330.85	Bee05	14.80	31.81	38	False
1	331.27	Bee00	0.74	49.36	39	False
1	331.27	Bee00	0.74	49.36	40	False
1	331.59	Bee05	14.88	31.56	38	True
1	331.59	Bee05	14.88	31.56	39	True
1	333.36	Bee07	33.92	17.07	18	True
1	333.36	Bee04	13.18	21.97	16	False
1	333.75	Bee05	15.09	31.64	40	True
1	335.38	Bee02	32.92	15.95	24	False
1	335.52	Bee18	17.84	34.86	23	False
1	336.66	Bee16	15.60	30.58	32	True
1	336.66	Bee16	15.60	30.58	33	True
1	336.66	Bee16	15.60	30.58	34	True
1	336.66	Bee16	15.60	30.58	35	True
1	337.17	Bee06	28.81	17.07	26	True
1	339.09	Bee08	0.42	48.59	16	False
1	339.49	Bee05	15.15	31.45	41	True
1	340.41	Bee00	0.43	49.39	41	False
1	340.41	Bee00	0.43	49.39	42	False
1	341.00	Bee10	28.88	15.61	20	True
1	344.13	Bee07	25.96	37.09	18	False
1	346.16	Bee15	14.15	32.24	22	False
1	347.84	Bee15	14.20	32.04	23	False
1	348.38	Bee15	14.30	31.84	24	False
1	349.85	Bee15	14.48	31.84	25	False
1	349.85	Bee15	14.48	31.84	26	False
1	350.99	Bee15	14.64	31.97	27	False
1	351.25	Bee08	0.41	48.68	17	False
1	352.98	Bee17	15.61	29.33	25	True
1	352.98	Bee17	15.61	29.33	26	True
1	353.19	Bee15	14.89	31.64	27	True
1	353.19	Bee15	14.89	31.64	28	True
1	353.70	Bee05	15.38	31.53	42	True
1	355.42	Bee15	15.09	31.81	29	True
1	355.42	Bee15	15.09	31.81	30	True
1	357.49	Bee00	0.40	49.22	43	False
1	358.06	Bee15	15.29	31.54	31	True
1	358.06	Bee15	15.29	31.54	32	True
1	358.37	Bee09	29.69	16.86	32	True
1	362.38	Bee04	16.25	16.81	16	True
1	362.38	Bee03	16.14	30.48	40	True
1	363.46	Bee08	0.43	48.21	18	False
1	364.87	Bee19	15.63	30.51	56	True
1	364.87	Bee19	15.63	30.51	57	True
1	364.87	Bee19	15.63	30.51	58	True
1	364.87	Bee19	15.63	30.51	59	True
1	365.11	Bee08	0.88	48.39	19	False
1	369.72	Bee14	34.06	17.38	26	True
1	372.97	Bee05	15.44	31.31	43	True
1	372.97	Bee05	15.44	31.31	44	True
1	373.15	Bee01	17.29	15.70	20	False
1	373.71	Bee12	48.69	6.80	17	False
1	374.07	Bee04	29.22	36.26	16	False
1	374.48	Bee13	13.67	28.70	26	True
1	374.82	Bee02	49.57	6.52	25	False
1	375.02	Bee13	14.74	28.50	27	True
1	376.26	Bee15	19.03	35.48	32	False
1	377.49	Bee08	17.20	33.98	19	True
1	379.06	Bee14	30.45	35.71	26	False
1	380.62	Bee16	15.53	30.34	36	True
1	380.62	Bee16	15.53	30.34	37	True
1	380.62	Bee16	15.53	30.34	38	True
1	386.25	Bee12	34.93	18.40	17	True
1	387.51	Bee12	32.89	19.89	18	True
1	387.51	Bee08	32.24	20.72	20	True
1	391.72	Bee11	36.85	23.04	16	False
1	392.76	Bee00	13.87	29.56	43	True
1	392.76	Bee00	13.87	29.56	44	True
1	395.68	Bee00	14.52	30.06	45	True
1	395.68	Bee00	14.52	30.06	46	True
1	395.68	Bee00	14.52	30.06	47	True
1	397.54	Bee10	21.41	13.53	20	False
1	397.99	Bee05	15.63	31.37	45	True
1	400.64	Bee01	48.38	20.29	21	False
1	401.31	Bee01	48.58	20.33	22	False
1	401.66	Bee11	49.33	19.85	17	False
1	401.66	Bee11	49.33	19.85	18	False
1	401.98	Bee01	48.81	20.29	23	False
1	401.98	Bee01	48.81	20.29	24	False
1	403.51	Bee01	48.94	20.45	25	False
1	404.64	Bee06	12.83	24.02	26	False
1	405.48	Bee17	15.70	29.51	27	True
1	405.48	Bee17	15.70	29.51	28	True
1	409.72	Bee19	15.76	30.63	60	True
1	409.72	Bee19	15.76	30.63	61	True
1	409.72	Bee19	15.76	30.63	62	True
1	409.72	Bee19	15.76	30.63	63	True
1	409.72	Bee19	15.76	30.63	64	True
1	411.20	Bee00	14.64	29.86	48	True
1	411.20	Bee00	14.64	29.86	49	True
1	413.73	Bee03	16.24	30.32	41	True
1	416.01	Bee18	48.69	19.15	24	False
1	416.87	Bee18	48.86	19.21	25	False
1	418.37	Bee18	48.89	19.41	26	False
1	419.26	Bee18	48.81	19.61	27	False
1	420.99	Bee18	48.98	19.76	28	False
1	420.99	Bee18	48.98	19.76	29	False
1	422.31	Bee09	16.12	16.66	32	False
1	423.48	Bee13	13.13	22.24	27	False
1	424.96	Bee01	34.35	32.38	25	True
1	425.60	Bee16	15.74	30.30	39	True
1	425.60	Bee16	15.74	30.30	40	True
1	425.60	Bee16	15.74	30.30	41	True
1	427.64	Bee02	13.50	29.26	26	False
1	428.32	Bee05	15.69	31.16	46	True
1	428.32	Bee05	15.69	31.16	47	True
1	428.51	Bee07	30.18	36.58	19	False
1	428.51	Bee01	28.56	36.49	25	False
1	429.78	Bee02	13.67	29.18	26	True
1	429.92	Bee02	13.91	29.06	27	True
1	430.82	Bee07	30.25	35.60	19	True
1	430.95	Bee06	13.26	23.42	26	True
1	432.35	Bee04	34.96	18.87	16	True
1	432.48	Bee18	36.82	24.69	29	True
1	432.98	Bee04	34.01	19.70	17	True
1	435.17	Bee18	31.81	26.63	30	True
1	435.17	Bee07	30.88	26.93	20	True
1	436.28	Bee00	14.81	30.00	50	True
1	436.28	Bee00	14.81	30.00	51	True
1	436.28	Bee00	14.81	30.00	52	True
1	438.42	Bee02	13.99	29.25	28	True
1	441.15	Bee06	31.95	15.22	26	False
1	441.70	Bee10	19.04	14.62	20	True
1	448.20	Bee12	28.82	13.60	18	False
1	449.27	Bee02	14.27	29.09	29	True
1	452.20	Bee08	24.59	12.87	20	False
1	453.00	Bee09	21.34	13.57	32	True
1	453.66	Bee10	32.68	34.27	20	False
1	454.90	Bee09	25.09	13.03	32	False
1	456.81	Bee19	15.88	30.50	65	True
1	457.93	Bee17	15.85	29.42	29	True
1	463.77	Bee06	31.97	15.39	26	True
1	464.52	Bee15	34.74	31.67	32	True
1	465.68	Bee05	15.87	31.22	48	True
1	466.69	Bee00	14.91	29.85	53	True
1	466.69	Bee00	14.91	29.85	54	True
1	466.69	Bee00	14.91	29.85	55	True
1	467.00	Bee03	16.41	30.46	42	True
1	468.49	Bee08	1.54	6.90	21	False
1	472.64	Bee14	48.46	10.54	27	False
1	473.86	Bee16	15.70	30.12	42	True
1	473.86	Bee16	15.70	30.12	43	True
1	473.86	Bee16	15.70	30.12	44	True
1	473.86	Bee16	15.70	30.12	45	True
1	474.23	Bee06	12.78	23.71	26	False
1	475.48	Bee02	14.36	29.27	30	True
1	475.48	Bee02	14.36	29.27	31	True
1	475.65	Bee15	12.95	27.14	32	False
1	477.07	Bee09	49.60	9.68	33	False
1	477.07	Bee09	49.60	9.68	34	False
1	486.00	Bee04	29.31	13.70	17	False
1	488.36	Bee13	36.55	22.93	27	True
1	489.80	Bee01	32.71	33.99	25	True
1	490.69	Bee13	32.94	25.87	28	True
1	495.32	Bee14	35.29	19.22	27	True
1	495.68	Bee18	31.73	26.44	31	True
1	495.68	Bee18	31.73	26.44	32	True
1	496.00	Bee01	20.51	36.24	25	False
2	0.09	Bee14	20.62	12.65	27	False
2	0.09	Bee12	31.44	34.32	18	True
2	0.09	Bee11	36.59	22.67	18	True
2	0.09	Bee07	48.38	17.65	20	False
2	0.30	Bee11	36.80	23.05	18	False
2	0.76	Bee14	21.46	13.69	27	True
2	0.99	Bee00	19.92	36.00	55	False
2	1.55	Bee02	46.68	27.42	31	False
2	2.28	Bee06	35.08	31.14	26	True
2	2.87	Bee04	15.34	44.43	18	False
2	3.72	Bee04	15.16	44.46	19	False
2	4.35	Bee19	15.47	14.67	65	False
2	6.05	Bee14	28.13	21.92	28	True
2	6.05	Bee12	27.96	22.90	19	True
2	6.05	Bee12	27.96	22.90	20	True
2	6.05	Bee05	11.39	19.37	48	False
2	6.42	Bee19	14.78	18.74	65	True
2	8.85	Bee07	37.60	31.45	21	False
2	10.04	Bee09	13.36	22.01	34	True
2	10.18	Bee15	4.83	13.82	33	False
2	10.36	Bee05	5.67	12.93	49	False
2	11.00	Bee19	13.25	27.77	65	False
2	11.41	Bee07	34.87	31.43	21	True
2	11.41	Bee06	29.44	13.78	26	False
2	13.29	Bee17	14.60	45.71	29	False
2	13.85	Bee05	3.43	14.98	50	False
2	15.92	Bee09	16.21	33.42	34	False
2	16.37	Bee06	26.38	4.35	27	False
2	16.53	Bee01	26.60	3.55	26	False
2	16.53	Bee01	26.60	3.55	27	False
2	16.91	Bee06	26.22	4.05	28	False
2	16.91	Bee06	26.22	4.05	29	False
2	17.65	Bee15	12.97	24.71	33	True
2	17.89	Bee01	26.36	3.57	28	False
2	17.89	Bee01	26.36	3.57	29	False
2	18.05	Bee04	3.71	21.73	20	False
2	18.26	Bee05	2.72	21.75	51	False
2	19.24	Bee06	26.65	3.86	30	False
2	19.24	Bee06	26.65	3.86	31	False
2	19.84	Bee00	48.31	44.51	56	False
2	21.50	Bee00	48.44	44.70	57	False
2	21.63	Bee07	14.42	31.21	21	False
2	21.88	Bee03	38.62	32.33	42	False
2	22.02	Bee00	48.65	44.89	58	False
2	22.35	Bee06	25.96	1.38	32	False
2	22.76	Bee00	48.73	45.08	59	False
2	23.24	Bee11	49.39	44.86	19	False
2	23.24	Bee11	49.39	44.86	20	False
2	24.79	Bee16	22.69	11.46	45	False
2	25.15	Bee15	21.96	36.72	33	False
2	30.34	Bee10	32.50	33.97	20	True
2	31.85	Bee17	13.09	31.84	30	False
2	31.85	Bee05	12.15	31.91	52	False
2	32.96	Bee05	12.36	31.91	53	False
2	33.83	Bee17	13.98	29.62	30	True
2	34.09	Bee06	32.38	14.98	33	False
2	34.28	Bee11	34.98	31.12	20	True
2	34.91	Bee09	29.96	35.80	34	True
2	36.05	Bee10	29.10	23.08	21	True
2	36.74	Bee06	31.41	15.20	33	True
2	37.49	Bee08	20.73	13.80	21	True
2	38.12	Bee19	12.30	38.91	66	False
2	38.12	Bee05	13.44	38.64	54	False
2	39.39	Bee11	27.58	24.07	21	True
2	39.62	Bee05	13.28	38.77	55	False
2	40.07	Bee06	24.91	16.68	34	True
2	40.82	Bee09	36.90	26.23	34	False
2	41.30	Bee03	41.89	28.64	43	False
2	41.47	Bee00	41.06	29.21	60	False
2	42.01	Bee03	41.85	28.82	44	False
2	42.01	Bee00	41.05	29.03	61	False
2	42.32	Bee17	20.34	13.86	30	False
2	42.32	Bee08	27.15	21.02	22	True
2	44.39	Bee07	13.04	23.79	21	True
2	46.75	Bee03	35.55	30.44	44	True
2	49.83	Bee00	34.22	16.51	62	False
2	50.70	Bee07	23.84	17.24	22	True
2	51.53	Bee13	38.36	32.30	28	False
2	52.24	Bee00	33.64	16.90	62	True
2	53.61	Bee13	35.99	28.90	28	True
2	55.57	Bee00	28.07	20.58	63	True
2	55.79	Bee03	18.04	34.96	44	False
2	56.33	Bee19	13.21	24.03	66	True
2	58.41	Bee18	33.28	15.61	32	False
2	58.82	Bee18	32.54	15.98	32	True
2	60.62	Bee18	29.32	17.58	33	True
2	62.03	Bee19	22.94	18.08	67	True
2	62.49	Bee17	13.20	13.67	31	False
2	62.49	Bee02	12.35	13.55	32	False
2	63.20	Bee17	13.07	13.89	32	False
2	63.34	Bee13	24.84	12.95	28	False
2	63.79	Bee02	12.49	13.42	33	False
2	66.89	Bee17	15.00	18.46	32	True
2	67.37	Bee05	48.52	27.53	56	False
2	67.52	Bee14	27.88	22.11	29	True
2	67.52	Bee14	27.88	22.11	30	True
2	67.73	Bee12	27.56	23.06	21	True
2	69.07	Bee05	48.67	27.64	57	False
2	71.00	Bee09	27.22	13.39	34	True
2	71.30	Bee05	48.81	27.41	58	False
2	71.77	Bee05	48.93	27.27	59	False
2	72.49	Bee09	25.93	16.07	35	True
2	76.91	Bee17	22.81	36.92	32	False
2	83.59	Bee05	36.00	20.68	59	True
2	86.64	Bee05	30.45	18.17	60	True
2	91.38	Bee15	35.96	20.48	33	True
2	93.87	Bee15	31.61	18.06	34	True
2	97.56	Bee10	28.68	23.25	22	True
2	97.56	Bee10	28.68	23.25	23	True
2	99.67	Bee06	24.95	16.87	35	True
2	104.66	Bee02	46.56	34.30	34	False
2	108.16	Bee11	18.08	35.04	21	False
2	110.71	Bee07	23.92	17.39	23	True
2	110.71	Bee07	23.92	17.39	24	True
2	111.73	Bee08	14.35	31.02	22	False
2	115.71	Bee04	13.37	17.22	21	False
2	117.02	Bee00	28.42	21.02	64	True
2	118.34	Bee04	16.51	16.61	21	True
2	119.67	Bee18	29.40	17.74	34	True
2	120.27	Bee01	17.62	34.39	29	True
2	122.81	Bee04	25.29	14.89	22	True
2	125.00	Bee01	12.93	26.16	29	False
2	128.89	Bee14	28.00	22.26	31	True
2	128.89	Bee14	28.00	22.26	32	True
2	129.39	Bee12	27.67	23.26	22	True
2	129.39	Bee12	27.67	23.26	23	True
2	130.79	Bee13	29.03	13.77	28	True
2	131.14	Bee11	21.23	36.27	21	True
2	132.06	Bee19	31.70	35.06	67	False
2	132.20	Bee09	28.23	17.10	36	True
2	134.05	Bee13	22.54	13.17	28	False
2	141.38	Bee11	36.70	22.85	21	False
2	142.88	Bee16	14.01	20.54	45	True
2	143.49	Bee03	33.04	16.26	44	True
2	143.72	Bee02	1.20	40.41	35	False
2	144.00	Bee03	32.47	17.10	45	True
2	144.99	Bee02	1.01	40.53	36	False
2	145.57	Bee05	30.38	18.35	61	True
2	147.51	Bee02	0.72	40.75	37	False
2	148.26	Bee02	0.76	40.96	38	False
2	150.41	Bee15	31.53	18.25	35	True
2	152.61	Bee17	29.03	13.89	32	True
2	154.08	Bee17	26.47	15.32	33	True
2	154.27	Bee16	31.16	35.53	45	False
2	159.40	Bee06	24.74	16.92	36	True
2	159.40	Bee06	24.74	16.92	37	True
2	162.44	Bee08	14.45	30.48	22	True
2	164.57	Bee10	33.31	33.58	23	False
2	167.60	Bee10	35.78	39.10	24	False
2	170.41	Bee08	27.13	20.82	23	True
2	176.50	Bee04	25.32	15.08	23	True
2	176.87	Bee07	13.08	22.49	24	False
2	178.33	Bee00	28.25	21.13	65	True
2	178.33	Bee00	28.25	21.13	66	True
2	179.04	Bee18	29.01	17.93	35	True
2	182.72	Bee13	21.89	13.47	28	True
2	184.29	Bee13	25.00	13.88	29	True
2	184.91	Bee16	35.72	30.22	45	True
2	188.05	Bee03	27.53	13.24	45	False
2	189.34	Bee19	36.72	23.80	67	True
2	189.76	Bee16	29.00	23.24	46	True
2	190.32	Bee14	27.83	22.38	33	True
2	191.40	Bee09	28.14	17.28	37	True
2	192.00	Bee02	35.65	30.10	38	True
2	192.86	Bee19	31.14	19.51	68	True
2	193.93	Bee01	14.25	30.32	29	True
2	197.48	Bee11	22.34	13.32	21	True
2	198.52	Bee12	14.04	30.43	23	False
2	198.52	Bee11	24.04	14.52	22	True
2	202.98	Bee01	20.94	13.50	29	False
2	203.82	Bee02	16.11	16.80	38	False
2	204.67	Bee05	30.22	18.27	62	True
2	207.70	Bee15	31.37	18.17	36	True
2	210.09	Bee17	27.23	16.51	34	True
2	210.26	Bee03	21.01	13.97	45	True
2	214.63	Bee03	25.89	21.20	46	True
2	220.68	Bee06	25.66	20.04	38	True
2	220.96	Bee13	24.95	14.16	30	True
2	220.96	Bee13	24.95	14.16	31	True
2	220.96	Bee13	24.95	14.16	32	True
2	230.49	Bee07	15.66	17.40	24	True
2	231.50	Bee04	25.12	15.11	24	True
2	231.50	Bee04	25.12	15.11	25	True
2	231.76	Bee08	27.25	21.00	24	True
2	234.15	Bee07	21.76	13.36	24	False
2	238.73	Bee18	29.10	18.09	36	True
2	239.67	Bee00	28.44	21.42	67	True
2	250.94	Bee09	28.32	17.37	38	True
2	250.94	Bee09	28.32	17.37	39	True
2	251.97	Bee14	28.23	22.93	34	True
2	253.73	Bee19	29.60	21.69	69	True
2	256.38	Bee11	13.34	28.17	22	False
2	256.65	Bee10	17.05	34.03	24	True
2	258.19	Bee16	19.80	33.91	47	True
2	260.70	Bee10	24.61	36.96	24	False
2	262.30	Bee11	6.05	37.48	23	False
2	262.30	Bee02	5.20	38.17	39	False
2	263.26	Bee02	5.23	37.96	40	False
2	263.89	Bee05	30.13	18.45	63	True
2	265.04	Bee15	31.28	18.38	37	True
2	265.83	Bee13	25.13	14.19	33	True
2	267.98	Bee01	22.46	36.75	29	True
2	269.60	Bee01	21.04	33.83	30	True
2	277.02	Bee17	12.92	24.67	34	False
2	277.93	Bee02	13.37	21.86	40	True
2	278.86	Bee07	30.08	14.27	24	True
2	280.11	Bee07	28.59	16.28	25	True
2	281.72	Bee12	35.23	31.06	23	True
2	283.34	Bee03	13.33	28.57	46	False
2	284.44	Bee02	23.01	13.09	40	False
2	288.39	Bee06	12.97	23.23	38	False
2	289.34	Bee04	25.95	20.92	26	True
2	290.98	Bee11	24.13	36.83	23	True
2	293.23	Bee08	27.03	21.13	25	True
2	293.71	Bee12	13.58	20.75	23	False
2	298.57	Bee18	28.92	18.17	37	True
2	300.56	Bee11	36.73	22.39	23	False
2	300.98	Bee00	28.26	21.54	68	True
2	310.49	Bee09	28.22	17.56	40	True
2	312.66	Bee17	18.41	44.45	35	False
2	314.84	Bee19	29.44	21.58	70	True
2	315.64	Bee16	12.97	26.64	47	False
2	316.46	Bee14	22.95	26.31	35	True
2	316.46	Bee13	22.31	25.46	34	True
2	319.21	Bee17	23.42	36.82	35	True
2	323.00	Bee15	31.08	18.30	38	True
2	323.13	Bee11	36.30	21.68	23	True
2	323.44	Bee05	29.91	18.31	64	True
2	324.08	Bee16	1.42	14.33	48	False
2	325.32	Bee03	13.73	20.96	46	True
2	326.16	Bee17	31.06	25.21	36	True
2	326.16	Bee11	31.98	25.92	24	True
2	330.07	Bee03	14.11	30.45	46	False
2	334.71	Bee01	37.00	26.37	30	False
2	337.21	Bee07	28.80	16.43	26	True
2	344.80	Bee02	16.00	17.06	40	True
2	351.68	Bee06	36.81	24.12	38	True
2	352.69	Bee02	29.81	24.70	41	True
2	354.06	Bee06	32.06	24.57	39	True
2	354.06	Bee06	32.06	24.57	40	True
2	354.61	Bee08	27.15	21.31	26	True
2	357.05	Bee04	13.31	21.74	26	False
2	358.60	Bee18	29.00	18.33	38	True
2	358.60	Bee18	29.00	18.33	39	True
2	358.89	Bee16	15.71	17.62	48	True
2	361.19	Bee01	48.77	19.57	31	False
2	362.31	Bee00	28.38	21.71	69	True
2	363.54	Bee16	21.41	24.95	49	True
2	363.54	Bee16	21.41	24.95	50	True
2	367.69	Bee10	36.69	26.95	24	True
2	367.81	Bee12	16.37	16.77	23	True
2	369.29	Bee01	36.79	25.25	31	True
2	370.42	Bee09	28.46	17.66	41	True
2	373.30	Bee12	27.25	18.22	24	True
2	376.01	Bee19	29.33	21.74	71	True
2	376.01	Bee19	29.33	21.74	72	True
2	376.33	Bee10	22.52	36.85	24	False
2	378.18	Bee14	22.82	26.10	36	True
2	378.18	Bee13	22.54	25.51	35	True
2	380.00	Bee01	17.44	34.42	31	False
2	381.14	Bee15	30.99	18.50	39	True
2	382.98	Bee05	29.81	18.50	65	True
2	386.75	Bee11	31.84	25.77	25	True
2	386.75	Bee11	31.84	25.77	26	True
2	387.18	Bee17	30.85	25.09	37	True
2	394.34	Bee07	28.68	16.59	27	True
2	394.82	Bee04	25.53	13.06	26	True
2	397.46	Bee03	19.73	35.78	46	True
2	400.56	Bee04	22.79	24.21	27	True
2	401.90	Bee03	22.53	27.35	47	True
2	417.13	Bee06	31.92	19.42	41	True
2	418.07	Bee08	23.53	23.26	27	True
2	418.65	Bee18	28.83	18.41	40	True
2	421.04	Bee02	22.26	36.76	41	False
2	425.07	Bee16	21.55	24.84	51	True
2	425.82	Bee00	24.55	24.19	70	True
2	430.24	Bee09	28.37	17.83	42	True
2	430.24	Bee09	28.37	17.83	43	True
2	430.24	Bee09	28.37	17.83	44	True
2	439.77	Bee15	30.80	18.41	40	True
2	439.93	Bee13	22.60	25.20	36	True
2	439.93	Bee13	22.60	25.20	37	True
2	440.47	Bee14	24.07	25.44	37	True
2	442.76	Bee05	29.65	18.40	66	True
2	443.15	Bee12	24.65	37.03	24	False
2	443.39	Bee19	18.86	14.61	72	False
2	447.47	Bee11	31.70	25.91	27	True
2	448.24	Bee17	30.75	25.27	38	True
2	452.23	Bee07	28.84	16.70	28	True
2	461.42	Bee12	25.39	36.77	24	True
2	462.26	Bee04	23.10	24.27	28	True
2	464.20	Bee10	36.64	23.01	24	True
2	465.14	Bee12	26.32	29.38	25	True
2	465.14	Bee03	25.75	28.60	48	True
2	466.85	Bee10	31.92	20.63	25	True
2	471.62	Bee19	16.17	16.79	72	True
2	475.71	Bee06	31.30	19.44	42	True
2	475.85	Bee19	22.42	22.49	73	True
2	478.82	Bee18	28.90	18.56	41	True
2	479.68	Bee08	23.62	23.41	28	True
2	479.68	Bee08	23.62	23.41	29	True
2	486.58	Bee16	21.67	25.00	52	True
2	487.65	Bee00	24.76	24.50	71	True
2	489.33	Bee09	28.48	18.07	45	True
2	489.33	Bee09	28.48	18.07	46	True
2	498.39	Bee15	30.72	18.57	41	True
2	498.39	Bee15	30.72	18.57	42	True
2	498.39	Bee15	30.72	18.57	43	True
3	0.38	Bee14	22.55	11.67	37	False
3	0.51	Bee13	27.75	38.55	37	False
3	1.19	Bee14	22.95	13.24	37	True
3	1.72	Bee14	23.22	14.27	38	True
3	7.79	Bee05	15.38	32.62	66	False
3	9.37	Bee11	46.33	8.31	27	False
3	10.65	Bee07	26.38	2.66	28	False
3	12.39	Bee17	18.01	15.09	38	False
3	17.92	Bee02	46.62	28.97	42	False
3	18.89	Bee07	16.90	16.15	28	True
3	19.77	Bee05	6.44	49.40	67	False
3	20.59	Bee05	6.66	49.31	68	False
3	20.88	Bee17	3.38	6.49	39	False
3	21.68	Bee07	13.69	20.71	28	False
3	22.83	Bee01	36.20	28.76	31	True
3	25.22	Bee03	1.61	28.17	48	False
3	27.11	Bee04	28.03	36.56	28	False
3	28.41	Bee12	2.29	7.49	25	False
3	28.78	Bee10	31.91	15.21	25	False
3	29.88	Bee07	4.26	34.11	29	False
3	29.88	Bee05	3.38	34.66	69	False
3	30.21	Bee01	21.49	30.13	32	True
3	31.00	Bee05	3.49	34.46	70	False
3	33.35	Bee06	36.51	0.77	42	False
3	39.01	Bee18	19.81	31.43	42	True
3	39.61	Bee08	48.52	9.30	29	False
3	40.19	Bee19	36.79	22.94	73	False
3	42.75	Bee12	16.14	16.87	25	True
3	46.35	Bee16	17.50	49.50	52	False
3	47.82	Bee10	36.21	21.13	25	True
3	49.15	Bee14	17.15	15.78	38	False
3	52.78	Bee10	27.25	25.42	26	True
3	52.93	Bee09	12.87	23.17	46	False
3	54.31	Bee07	32.60	34.15	29	True
3	54.55	Bee12	36.00	29.61	25	False
3	55.72	Bee15	7.67	49.44	43	False
3	56.92	Bee07	35.83	30.04	29	False
3	57.81	Bee11	4.94	17.46	28	False
3	59.65	Bee00	18.15	14.98	71	False
3	62.03	Bee05	13.82	20.65	70	True
3	65.06	Bee16	29.78	35.91	52	True
3	67.93	Bee05	22.91	13.14	70	False
3	69.02	Bee06	26.89	36.72	42	True
3	70.30	Bee16	36.57	27.94	52	False
3	72.69	Bee06	21.78	31.46	43	True
3	73.88	Bee09	13.05	24.47	46	True
3	76.88	Bee15	4.58	10.21	44	False
3	77.04	Bee12	35.57	29.88	25	True
3	77.04	Bee00	3.60	9.75	72	False
3	77.25	Bee07	37.92	1.85	30	False
3	77.25	Bee05	37.29	1.27	71	False
3	77.84	Bee00	3.60	9.95	73	False
3	78.10	Bee15	4.40	10.07	45	False
3	78.10	Bee15	4.40	10.07	46	False
3	78.10	Bee09	18.94	30.52	47	True
3	78.64	Bee07	37.95	1.67	31	False
3	78.64	Bee07	37.95	1.67	32	False
3	79.29	Bee15	4.36	9.84	47	False
3	79.59	Bee00	3.88	10.03	74	False
3	79.59	Bee00	3.88	10.03	75	False
3	79.59	Bee00	3.88	10.03	76	False
3	80.43	Bee00	4.06	10.19	77	False
3	80.43	Bee00	4.06	10.19	78	False
3	80.62	Bee07	37.60	1.56	33	False
3	81.01	Bee00	4.26	10.29	79	False
3	81.20	Bee12	28.23	25.94	26	True
3	81.50	Bee15	4.11	9.91	48	False
3	81.50	Bee15	4.11	9.91	49	False
3	81.50	Bee02	5.41	11.05	43	False
3	81.83	Bee00	4.48	10.30	80	False
3	82.35	Bee00	4.68	10.26	81	False
3	82.51	Bee02	5.53	10.73	44	False
3	86.23	Bee16	43.14	6.33	53	False
3	86.23	Bee05	43.25	5.29	72	False
3	86.55	Bee19	33.02	16.44	73	True
3	87.56	Bee16	43.17	6.12	54	False
3	88.02	Bee05	43.16	5.49	73	False
3	88.02	Bee05	43.16	5.49	74	False
3	88.55	Bee00	3.83	1.62	82	False
3	89.02	Bee16	43.02	6.00	55	False
3	89.02	Bee16	43.02	6.00	56	False
3	89.33	Bee00	3.91	1.40	83	False
3	89.33	Bee00	3.91	1.40	84	False
3	89.62	Bee05	43.47	5.99	75	False
3	89.77	Bee07	29.13	14.01	33	True
3	90.48	Bee00	4.10	1.31	85	False
3	91.03	Bee16	43.20	5.67	57	False
3	91.03	Bee16	43.20	5.67	58	False
3	91.56	Bee17	3.73	0.61	40	False
3	91.56	Bee17	3.73	0.61	41	False
3	91.56	Bee05	43.65	5.90	76	False
3	92.33	Bee00	4.03	1.09	86	False
3	92.33	Bee00	4.03	1.09	87	False
3	92.76	Bee05	43.72	5.71	77	False
3	92.76	Bee05	43.72	5.71	78	False
3	93.55	Bee17	3.98	0.64	42	False
3	93.55	Bee17	3.98	0.64	43	False
3	94.11	Bee17	4.20	0.71	44	False
3	94.11	Bee17	4.20	0.71	45	False
3	97.02	Bee13	18.48	35.08	37	True
3	97.73	Bee19	12.72	25.79	73	False
3	97.73	Bee05	38.14	3.72	79	False
3	98.52	Bee13	19.95	32.46	38	True
3	98.92	Bee07	18.85	29.14	34	True
3	99.14	Bee18	20.52	31.10	43	True
3	99.76	Bee01	21.61	13.09	32	False
3	101.20	Bee11	41.29	2.00	29	False
3	101.89	Bee11	41.22	1.79	30	False
3	102.49	Bee04	41.88	1.15	29	False
3	103.30	Bee04	41.97	1.41	30	False
3	106.77	Bee05	26.27	13.29	79	True
3	107.40	Bee03	36.58	22.46	48	True
3	111.36	Bee03	32.52	15.67	48	False
3	113.17	Bee04	32.55	15.96	30	True
3	115.38	Bee05	12.85	24.08	79	False
3	115.73	Bee02	9.46	1.67	45	False
3	116.52	Bee02	9.56	1.31	46	False
3	116.52	Bee02	9.56	1.31	47	False
3	116.52	Bee01	28.64	13.84	32	True
3	117.91	Bee03	25.79	4.40	49	False
3	118.51	Bee02	9.27	1.14	48	False
3	118.83	Bee11	10.52	1.47	31	False
3	120.56	Bee11	10.45	1.68	32	False
3	120.99	Bee10	23.01	12.98	26	False
3	122.08	Bee04	22.87	30.92	31	True
3	124.00	Bee14	13.71	28.87	38	True
3	124.96	Bee01	36.28	28.89	32	False
3	125.33	Bee08	9.43	6.87	30	False
3	125.47	Bee16	9.43	5.73	59	False
3	125.99	Bee14	17.64	29.50	39	True
3	126.86	Bee16	8.58	5.24	60	False
3	127.04	Bee15	7.97	4.52	50	False
3	127.04	Bee15	7.97	4.52	51	False
3	127.42	Bee16	8.30	5.14	61	False
3	128.17	Bee15	7.71	4.68	52	False
3	129.18	Bee16	8.13	5.37	62	False
3	131.56	Bee11	13.30	22.05	32	True
3	132.85	Bee08	18.58	14.95	30	True
3	133.24	Bee06	21.96	31.30	44	True
3	133.24	Bee06	21.96	31.30	45	True
3	134.95	Bee15	1.63	8.70	53	False
3	136.24	Bee11	14.60	31.31	32	False
3	137.55	Bee02	13.01	24.36	48	True
3	137.88	Bee09	19.08	30.37	48	True
3	138.49	Bee10	16.57	16.42	26	True
3	138.81	Bee05	13.66	28.79	79	True
3	139.56	Bee05	15.06	28.30	80	True
3	140.44	Bee02	17.09	28.44	49	True
3	142.84	Bee17	44.55	46.95	46	False
3	142.84	Bee01	45.27	47.70	33	False
3	143.81	Bee10	15.20	26.99	27	True
3	144.38	Bee08	35.87	30.21	30	False
3	144.61	Bee01	45.06	47.71	34	False
3	145.17	Bee16	16.32	16.89	62	True
3	148.81	Bee12	22.73	36.96	26	False
3	154.42	Bee03	26.14	13.11	49	True
3	154.58	Bee11	17.45	48.38	33	False
3	154.75	Bee12	17.42	47.59	27	False
3	154.75	Bee12	17.42	47.59	28	False
3	156.05	Bee01	26.80	36.77	34	True
3	156.25	Bee11	17.83	48.29	34	False
3	156.45	Bee16	36.88	26.18	62	False
3	156.64	Bee12	17.69	47.85	29	False
3	156.64	Bee12	17.69	47.85	30	False
3	156.64	Bee12	17.69	47.85	31	False
3	157.92	Bee12	17.70	48.06	32	False
3	158.28	Bee13	22.16	34.05	39	True
3	158.28	Bee01	22.98	34.49	35	True
3	159.16	Bee17	36.03	29.43	46	True
3	159.47	Bee18	20.38	30.83	44	True
3	159.47	Bee07	19.10	29.30	35	True
3	159.47	Bee07	19.10	29.30	36	True
3	160.29	Bee12	18.80	48.21	33	False
3	161.92	Bee11	18.76	49.51	35	False
3	166.43	Bee03	25.48	37.13	49	False
3	168.15	Bee12	22.35	36.57	33	True
3	168.64	Bee12	22.64	35.64	34	True
3	170.85	Bee11	24.49	36.87	35	True
3	171.13	Bee17	14.86	18.23	46	False
3	181.98	Bee11	33.69	16.58	35	False
3	183.06	Bee04	22.73	30.81	32	True
3	185.26	Bee14	17.65	29.27	40	True
3	191.31	Bee00	35.03	18.80	87	True
3	193.99	Bee05	16.75	33.83	80	False
3	194.11	Bee06	21.64	30.98	46	True
3	197.78	Bee09	19.22	30.50	49	True
3	199.42	Bee00	23.15	29.84	88	True
3	199.56	Bee10	16.89	27.16	28	True
3	199.81	Bee02	17.22	28.29	50	True
3	200.85	Bee08	36.69	26.52	30	True
3	206.59	Bee08	32.63	15.80	30	False
3	212.52	Bee05	29.45	36.11	80	True
3	212.86	Bee16	38.05	22.68	63	False
3	212.86	Bee11	37.37	21.98	36	False
3	213.56	Bee16	37.88	22.63	64	False
3	215.13	Bee12	17.23	34.15	34	False
3	215.27	Bee16	37.87	22.36	65	False
3	215.27	Bee16	37.87	22.36	66	False
3	215.45	Bee11	36.33	21.73	36	True
3	216.61	Bee19	14.06	34.60	74	False
3	216.76	Bee13	23.52	31.80	40	True
3	217.25	Bee15	19.95	14.20	53	True
3	217.58	Bee16	36.11	21.14	66	True
3	219.91	Bee18	20.56	30.74	45	True
3	219.91	Bee05	36.79	23.29	80	False
3	224.52	Bee01	33.86	17.04	35	False
3	224.74	Bee16	24.35	12.96	66	False
3	225.88	Bee11	16.06	16.84	36	False
3	229.15	Bee07	29.03	13.48	36	False
3	229.32	Bee15	31.98	35.12	53	False
3	231.94	Bee03	13.00	25.41	49	True
3	233.46	Bee03	15.84	26.47	50	True
3	234.96	Bee17	36.63	23.21	46	True
3	243.53	Bee08	25.51	13.07	30	True
3	243.97	Bee04	22.85	30.65	33	True
3	243.97	Bee04	22.85	30.65	34	True
3	245.21	Bee14	18.83	29.33	41	True
3	245.61	Bee17	16.50	16.29	46	False
3	252.77	Bee08	24.82	31.52	31	True
3	254.25	Bee12	29.84	14.12	34	True
3	254.81	Bee06	21.77	30.85	47	True
3	256.92	Bee12	34.13	17.31	34	False
3	257.20	Bee19	10.70	33.30	75	False
3	257.87	Bee09	19.37	30.31	50	True
3	257.87	Bee09	19.37	30.31	51	True
3	259.24	Bee10	16.90	26.86	29	True
3	259.64	Bee02	17.82	28.84	51	True
3	267.52	Bee15	48.80	29.53	54	False
3	267.52	Bee12	48.99	28.62	35	False
3	267.70	Bee00	14.69	18.62	88	False
3	268.89	Bee15	49.01	29.48	55	False
3	268.89	Bee05	28.57	13.69	80	True
3	269.18	Bee12	48.73	28.70	36	False
3	271.62	Bee15	48.91	29.12	56	False
3	274.20	Bee17	13.42	22.07	46	True
3	274.20	Bee01	35.83	20.10	35	True
3	276.07	Bee11	13.37	22.28	36	True
3	276.73	Bee05	15.50	22.37	81	True
3	276.88	Bee17	17.42	25.65	47	True
3	276.88	Bee11	14.71	23.20	37	True
3	277.44	Bee13	23.35	31.71	41	True
3	278.87	Bee15	36.82	23.81	56	True
3	280.53	Bee18	20.46	30.56	46	True
3	282.73	Bee16	22.60	36.56	66	True
3	282.73	Bee01	19.85	14.08	35	False
3	284.64	Bee16	23.62	32.89	67	True
3	289.31	Bee15	17.71	15.41	56	False
3	291.68	Bee03	16.09	25.56	51	True
3	294.21	Bee19	2.17	29.43	76	False
3	295.33	Bee19	1.73	30.32	77	False
3	298.41	Bee15	1.04	8.09	57	False
3	302.07	Bee00	1.39	4.76	89	False
3	305.06	Bee04	22.68	30.54	35	True
3	305.62	Bee14	18.82	29.12	42	True
3	310.96	Bee07	12.97	23.62	36	True
3	311.27	Bee07	13.53	23.32	37	True
3	313.74	Bee08	24.56	31.50	32	True
3	313.89	Bee00	12.99	22.33	90	False
3	315.73	Bee06	21.61	30.71	48	True
3	316.20	Bee00	13.49	21.99	90	True
3	317.16	Bee01	14.71	18.86	35	True
3	317.53	Bee01	14.96	19.56	36	True
3	318.13	Bee09	19.56	30.46	52	True
3	318.92	Bee10	17.08	26.87	30	True
3	319.52	Bee02	17.95	28.67	52	True
3	324.14	Bee00	26.62	13.04	90	False
3	328.26	Bee11	14.83	23.02	38	True
3	328.26	Bee11	14.83	23.02	39	True
3	328.44	Bee12	48.04	46.68	37	False
3	329.36	Bee12	48.24	46.63	38	False
3	330.45	Bee12	48.37	46.43	39	False
3	330.45	Bee07	13.63	23.54	38	True
3	331.36	Bee12	48.60	46.32	40	False
3	332.02	Bee19	49.00	45.93	78	False
3	332.02	Bee19	49.00	45.93	79	False
3	332.02	Bee19	49.00	45.93	80	False
3	332.76	Bee05	15.65	22.56	82	True
3	338.15	Bee13	23.47	31.51	42	True
3	338.15	Bee13	23.47	31.51	43	True
3	338.15	Bee13	23.47	31.51	44	True
3	341.07	Bee18	20.62	30.48	47	True
3	344.59	Bee16	23.42	32.84	68	True
3	344.95	Bee17	26.47	13.13	47	False
3	350.54	Bee03	16.58	25.73	52	True
3	355.51	Bee01	29.25	13.78	36	False
3	355.73	Bee07	14.00	23.30	39	True
3	355.73	Bee07	14.00	23.30	40	True
3	361.04	Bee01	39.50	9.63	37	False
3	361.04	Bee01	39.50	9.63	38	False
3	361.04	Bee00	40.10	9.16	91	False
3	362.38	Bee01	39.71	9.73	39	False
3	362.91	Bee00	40.26	9.34	92	False
3	364.37	Bee00	40.20	9.52	93	False
3	364.37	Bee00	40.20	9.52	94	False
3	364.37	Bee00	40.20	9.52	95	False
3	364.72	Bee01	39.99	9.08	40	False
3	366.06	Bee17	20.46	13.90	47	True
3	366.35	Bee14	19.39	29.14	43	True
3	366.35	Bee01	40.24	9.09	41	False
3	366.35	Bee01	40.24	9.09	42	False
3	366.70	Bee00	40.45	9.56	96	False
3	367.35	Bee01	40.43	8.97	43	False
3	368.56	Bee00	40.51	9.37	97	False
3	368.56	Bee00	40.51	9.37	98	False
3	368.56	Bee00	40.51	9.37	99	False
3	368.56	Bee00	40.51	9.37	100	False
3	368.81	Bee01	40.88	9.15	44	False
3	369.11	Bee15	13.10	24.09	57	True
3	369.11	Bee15	13.10	24.09	58	True
3	370.38	Bee19	12.08	25.01	81	False
3	370.38	Bee17	14.07	19.73	47	False
3	371.41	Bee19	12.12	24.75	82	False
3	373.54	Bee19	12.32	24.79	83	False
3	374.05	Bee15	13.19	24.30	59	True
3	374.44	Bee19	12.52	24.71	84	False
3	374.90	Bee04	33.43	16.49	35	False
3	375.72	Bee19	12.57	24.52	85	False
3	375.72	Bee19	12.57	24.52	86	False
3	377.94	Bee19	12.81	24.60	87	False
3	377.94	Bee19	12.81	24.60	88	False
3	378.48	Bee09	19.72	30.22	53	True
3	378.48	Bee09	19.72	30.22	54	True
3	378.82	Bee10	17.09	26.62	31	True
3	379.67	Bee02	18.16	28.84	53	True
3	380.38	Bee19	12.96	24.02	88	True
3	380.38	Bee19	12.96	24.02	89	True
3	380.38	Bee11	15.06	23.18	40	True
3	382.65	Bee19	13.17	24.10	90	True
3	383.58	Bee15	13.34	24.23	60	True
3	383.86	Bee08	27.70	13.21	32	False
3	385.63	Bee06	34.91	18.13	48	False
3	391.24	Bee19	13.27	23.73	91	True
3	394.68	Bee07	14.13	23.53	41	True
3	394.68	Bee07	14.13	23.53	42	True
3	395.21	Bee06	48.83	4.97	49	False
3	396.54	Bee05	27.07	13.22	82	False
3	399.88	Bee13	21.86	30.74	45	True
3	401.69	Bee18	20.53	30.30	48	True
3	401.69	Bee18	20.53	30.30	49	True
3	403.20	Bee19	13.51	23.82	92	True
3	403.20	Bee19	13.51	23.82	93	True
3	403.20	Bee15	17.36	34.39	60	False
3	405.58	Bee17	18.11	39.65	48	False
3	405.74	Bee15	19.22	39.10	61	False
3	405.91	Bee05	41.58	1.36	83	False
3	407.15	Bee17	18.36	39.74	49	False
3	407.33	Bee15	18.98	39.39	62	False
3	407.33	Bee15	18.98	39.39	63	False
3	408.16	Bee17	18.53	39.98	50	False
3	409.57	Bee15	19.13	39.50	64	False
3	410.17	Bee17	18.77	39.83	51	False
3	410.17	Bee17	18.77	39.83	52	False
3	410.17	Bee17	18.77	39.83	53	False
3	410.64	Bee15	19.17	39.72	65	False
3	410.64	Bee15	19.17	39.72	66	False
3	414.51	Bee16	27.85	13.27	68	False
3	416.07	Bee03	19.70	14.07	52	False
3	417.93	Bee08	25.68	13.11	32	True
3	420.81	Bee01	28.52	36.40	44	True
3	420.96	Bee17	35.77	48.03	54	False
3	420.96	Bee06	36.82	48.21	50	False
3	422.33	Bee17	35.81	48.26	55	False
3	423.63	Bee06	36.46	49.15	51	False
3	423.63	Bee06	36.46	49.15	52	False
3	424.39	Bee17	36.15	48.22	56	False
3	424.93	Bee19	13.57	23.55	94	True
3	424.93	Bee19	13.57	23.55	95	True
3	426.12	Bee08	20.54	28.66	33	True
3	427.29	Bee14	19.39	28.68	44	True
3	430.16	Bee12	35.99	29.23	40	True
3	432.92	Bee01	20.80	13.44	44	False
3	434.51	Bee16	29.14	13.92	68	True
3	436.89	Bee03	21.45	13.74	52	True
3	439.01	Bee09	19.88	30.35	55	True
3	439.01	Bee09	19.88	30.35	56	True
3	439.22	Bee12	21.51	18.32	41	True
3	439.22	Bee03	20.60	18.32	53	True
3	439.88	Bee02	18.28	28.67	54	True
3	440.05	Bee06	34.19	32.37	52	True
3	441.08	Bee11	21.80	13.29	40	False
3	441.26	Bee07	20.85	19.53	43	True
3	445.01	Bee17	36.71	22.99	56	True
3	446.14	Bee16	26.67	37.05	68	False
3	448.25	Bee15	24.64	36.86	66	True
3	448.39	Bee10	36.59	27.77	31	False
3	448.95	Bee06	31.44	14.80	52	False
3	450.97	Bee17	29.21	13.74	56	False
3	451.09	Bee05	36.74	26.75	83	True
3	453.70	Bee15	34.51	32.28	66	False
3	457.69	Bee05	27.98	36.63	83	False
3	460.78	Bee00	14.74	30.85	100	True
3	461.56	Bee19	36.09	29.78	95	False
3	462.38	Bee00	17.52	29.27	101	True
3	467.46	Bee06	28.84	0.62	53	False
3	468.23	Bee11	29.69	0.43	41	False
3	469.46	Bee06	29.06	0.49	54	False
3	469.46	Bee06	29.06	0.49	55	False
3	470.07	Bee13	31.93	15.12	45	False
3	471.25	Bee18	37.02	23.74	49	False
3	476.03	Bee01	16.63	16.38	44	True
3	477.96	Bee13	40.48	1.85	46	False
3	478.94	Bee13	40.47	1.66	47	False
3	479.90	Bee17	27.90	13.36	56	True
3	480.30	Bee13	40.64	1.53	48	False
3	480.96	Bee13	40.75	1.35	49	False
3	481.92	Bee01	16.71	28.16	45	True
3	482.23	Bee13	40.67	1.05	50	False
3	482.23	Bee13	40.67	1.05	51	False
3	482.98	Bee13	40.70	0.84	52	False
3	482.98	Bee13	40.70	0.84	53	False
3	482.98	Bee13	40.70	0.84	54	False
3	484.16	Bee13	40.58	0.65	55	False
3	484.43	Bee16	14.87	31.57	68	True
3	484.56	Bee15	40.01	0.68	67	False
3	484.56	Bee06	19.78	14.31	55	True
3	484.93	Bee13	40.42	0.56	56	False
3	486.46	Bee16	18.91	31.28	69	True
3	487.66	Bee17	36.94	25.99	56	False
3	489.19	Bee11	31.92	15.28	41	True
3	490.73	Bee06	12.90	24.55	55	False
3	491.74	Bee19	23.54	36.85	95	True
3	494.27	Bee08	34.17	32.67	33	False
3	495.93	Bee11	34.04	28.61	42	True
3	496.37	Bee14	36.08	29.55	44	False
3	498.14	Bee19	13.53	28.90	95	False
3	499.09	Bee03	20.79	18.35	54	True
3	499.09	Bee03	20.79	18.35	55	True
3	499.09	Bee03	20.79	18.35	56	True
3	499.54	Bee12	21.38	18.49	42	True
3	499.54	Bee12	21.38	18.49	43	True
3	499.54	Bee12	21.38	18.49	44	True
4	0.06	Bee09	38.45	0.69	56	False
4	0.26	Bee05	22.15	17.71	83	True
4	0.41	Bee07	11.27	31.68	43	False
4	1.33	Bee08	28.26	13.60	33	True
4	1.58	Bee02	5.67	34.64	54	False
4	2.92	Bee18	35.67	8.12	50	False
4	3.07	Bee19	35.73	9.17	96	False
4	3.51	Bee09	36.78	7.39	57	False
4	4.23	Bee18	35.82	8.36	51	False
4	4.83	Bee09	36.59	7.47	58	False
4	5.02	Bee10	13.91	20.51	31	True
4	5.47	Bee09	36.34	7.65	59	False
4	5.47	Bee09	36.34	7.65	60	False
4	5.66	Bee05	12.91	23.30	83	False
4	6.43	Bee18	36.00	8.21	52	False
4	6.43	Bee18	36.00	8.21	53	False
4	6.60	Bee15	35.04	18.67	67	True
4	7.71	Bee18	36.00	8.01	54	False
4	8.08	Bee08	36.93	23.93	33	False
4	8.37	Bee19	29.93	14.21	96	True
4	11.20	Bee10	15.63	32.75	31	False
4	15.28	Bee18	24.93	8.67	55	False
4	16.07	Bee18	24.71	8.59	56	False
4	16.74	Bee18	24.46	8.55	57	False
4	18.57	Bee15	16.17	33.42	67	False
4	19.36	Bee19	13.35	28.64	96	False
4	19.81	Bee00	7.35	1.37	101	False
4	21.08	Bee18	24.13	13.08	57	True
4	24.48	Bee14	5.03	42.42	45	False
4	24.48	Bee13	4.90	41.39	57	False
4	24.90	Bee15	6.20	41.21	68	False
4	25.31	Bee13	5.11	41.46	58	False
4	25.31	Bee13	5.11	41.46	59	False
4	25.49	Bee15	5.88	41.35	69	False
4	25.49	Bee15	5.88	41.35	70	False
4	25.92	Bee14	4.98	42.20	46	False
4	25.92	Bee14	4.98	42.20	47	False
4	26.49	Bee15	5.65	41.32	71	False
4	26.49	Bee15	5.65	41.32	72	False
4	26.49	Bee15	5.65	41.32	73	False
4	27.02	Bee19	1.80	38.70	97	False
4	27.35	Bee04	3.99	12.34	36	False
4	27.55	Bee15	5.27	41.48	74	False
4	27.74	Bee19	1.46	38.84	98	False
4	27.91	Bee14	5.30	42.08	48	False
4	27.91	Bee14	5.30	42.08	49	False
4	28.55	Bee04	3.84	12.53	37	False
4	28.55	Bee04	3.84	12.53	38	False
4	28.88	Bee19	1.22	38.76	99	False
4	28.88	Bee19	1.22	38.76	100	False
4	29.31	Bee14	5.35	41.88	50	False
4	29.62	Bee19	1.02	38.59	101	False
4	29.88	Bee04	3.89	12.75	39	False
4	30.63	Bee08	33.05	33.52	33	True
4	30.78	Bee15	1.66	39.63	75	False
4	30.78	Bee15	1.66	39.63	76	False
4	31.52	Bee19	0.84	38.75	102	False
4	32.58	Bee15	1.70	39.43	77	False
4	32.99	Bee18	22.44	36.84	57	False
4	33.29	Bee07	1.48	31.96	44	False
4	33.46	Bee15	1.61	39.12	78	False
4	33.46	Bee15	1.61	39.12	79	False
4	33.67	Bee13	17.29	33.86	59	True
4	34.21	Bee07	1.58	31.71	45	False
4	35.00	Bee17	0.41	39.28	57	False
4	35.00	Bee17	0.41	39.28	58	False
4	35.62	Bee17	0.41	39.04	59	False
4	35.62	Bee17	0.41	39.04	60	False
4	35.62	Bee17	0.41	39.04	61	False
4	36.32	Bee13	21.79	31.05	60	True
4	36.32	Bee08	22.22	30.05	34	True
4	36.69	Bee00	18.00	15.27	101	True
4	37.97	Bee10	48.30	36.99	32	False
4	38.95	Bee01	35.43	3.30	45	False
4	39.73	Bee10	48.44	37.18	33	False
4	41.82	Bee10	48.59	37.05	34	False
4	42.85	Bee15	14.91	31.51	79	True
4	43.74	Bee15	16.46	30.62	80	True
4	46.01	Bee16	3.47	13.27	69	False
4	48.72	Bee00	32.00	34.83	101	False
4	49.79	Bee11	24.35	7.38	42	False
4	52.22	Bee10	36.78	25.29	34	True
4	53.63	Bee04	47.69	10.16	40	False
4	53.63	Bee01	48.65	10.22	46	False
4	54.34	Bee18	27.37	36.37	57	True
4	54.76	Bee02	34.23	32.36	54	True
4	55.00	Bee04	48.05	10.46	41	False
4	55.00	Bee04	48.05	10.46	42	False
4	56.29	Bee04	48.11	10.87	43	False
4	56.89	Bee18	29.32	31.66	58	True
4	56.89	Bee02	30.13	31.21	55	True
4	57.60	Bee03	17.44	30.25	57	True
4	58.43	Bee12	2.77	16.46	44	False
4	61.06	Bee10	24.25	12.82	34	False
4	64.77	Bee14	34.85	31.53	50	True
4	67.00	Bee12	19.77	14.20	44	True
4	67.75	Bee06	34.87	18.37	55	True
4	70.69	Bee12	27.07	13.23	44	False
4	71.48	Bee17	12.99	25.95	61	True
4	74.08	Bee06	30.88	30.39	56	True
4	74.81	Bee17	17.60	21.13	62	True
4	74.81	Bee14	18.21	20.27	51	True
4	75.26	Bee16	9.84	8.29	70	False
4	75.26	Bee11	10.54	7.63	43	False
4	75.75	Bee11	10.47	7.81	44	False
4	76.24	Bee11	10.44	8.03	45	False
4	76.24	Bee11	10.44	8.03	46	False
4	77.04	Bee16	9.99	8.15	71	False
4	77.04	Bee16	9.99	8.15	72	False
4	77.04	Bee16	9.99	8.15	73	False
4	79.43	Bee11	12.73	8.16	47	False
4	79.43	Bee11	12.73	8.16	48	False
4	84.88	Bee05	14.23	42.98	84	False
4	85.04	Bee11	19.11	14.75	48	True
4	89.08	Bee09	19.01	35.30	60	True
4	91.12	Bee09	20.74	31.62	61	True
4	96.60	Bee11	35.19	31.35	48	False
4	97.08	Bee13	21.67	30.87	61	True
4	97.08	Bee13	21.67	30.87	62	True
4	100.69	Bee15	12.86	25.10	80	False
4	104.73	Bee00	36.43	22.00	101	True
4	106.31	Bee08	28.65	13.41	34	False
4	109.90	Bee00	29.84	14.01	101	False
4	112.06	Bee12	19.66	14.25	44	True
4	114.66	Bee12	18.05	19.20	45	True
4	116.74	Bee02	30.19	31.02	56	True
4	117.25	Bee19	22.67	36.56	102	True
4	117.88	Bee10	4.66	7.47	35	False
4	118.04	Bee15	3.87	7.66	81	False
4	118.04	Bee15	3.87	7.66	82	False
4	118.38	Bee10	4.44	7.62	36	False
4	118.38	Bee10	4.44	7.62	37	False
4	119.08	Bee18	24.75	29.91	59	True
4	119.08	Bee03	24.32	28.84	58	True
4	119.84	Bee15	3.95	7.49	83	False
4	119.84	Bee15	3.95	7.49	84	False
4	120.56	Bee19	23.44	29.98	103	True
4	131.73	Bee01	24.66	36.93	46	True
4	133.99	Bee06	30.64	30.29	57	True
4	134.45	Bee01	21.18	32.73	47	True
4	134.60	Bee14	18.05	20.53	52	True
4	134.60	Bee14	18.05	20.53	53	True
4	138.85	Bee17	24.03	27.50	63	True
4	151.17	Bee09	20.95	31.72	62	True
4	151.17	Bee09	20.95	31.72	63	True
4	153.78	Bee16	34.52	17.90	73	True
4	154.98	Bee05	16.58	2.79	85	False
4	154.98	Bee04	16.69	1.68	44	False
4	156.27	Bee04	16.53	1.84	45	False
4	157.05	Bee16	29.40	13.84	73	False
4	157.05	Bee00	17.89	1.49	102	False
4	157.26	Bee05	16.34	2.44	86	False
4	157.26	Bee05	16.34	2.44	87	False
4	158.07	Bee13	22.22	30.51	63	True
4	158.07	Bee05	16.17	2.34	88	False
4	173.27	Bee12	18.26	19.24	46	True
4	176.38	Bee04	16.15	16.84	45	True
4	176.74	Bee10	13.30	1.65	38	False
4	177.52	Bee11	35.56	30.17	48	True
4	178.66	Bee02	26.12	30.19	57	True
4	180.47	Bee18	24.87	29.62	60	True
4	180.47	Bee18	24.87	29.62	61	True
4	180.47	Bee07	19.84	35.65	45	True
4	180.73	Bee03	24.21	28.33	59	True
4	182.02	Bee19	23.72	30.05	104	True
4	183.97	Bee11	34.28	17.34	48	False
4	184.88	Bee04	16.65	33.83	45	False
4	185.96	Bee07	29.86	31.17	46	True
4	186.83	Bee08	35.78	29.80	34	True
4	187.20	Bee10	26.90	13.16	38	True
4	193.44	Bee10	36.42	21.22	38	False
4	193.86	Bee01	21.40	32.59	48	True
4	194.48	Bee08	22.18	36.81	34	False
4	199.88	Bee06	35.69	19.74	57	False
4	200.34	Bee04	12.13	43.39	46	False
4	200.51	Bee08	11.47	42.33	35	False
4	204.56	Bee14	35.82	30.56	53	False
4	204.78	Bee05	21.98	13.46	88	True
4	207.10	Bee04	17.19	34.09	46	True
4	207.66	Bee17	34.08	16.86	63	False
4	209.37	Bee00	43.54	36.37	103	False
4	211.45	Bee09	21.16	31.26	64	True
4	211.88	Bee05	35.17	18.75	88	False
4	218.81	Bee04	28.41	13.52	46	False
4	225.76	Bee13	14.19	19.54	63	False
4	226.72	Bee15	36.72	24.98	84	True
4	230.75	Bee15	30.90	30.56	85	True
4	234.66	Bee14	23.06	36.79	53	True
4	238.66	Bee14	16.14	32.82	54	True
4	238.66	Bee12	15.19	32.14	46	False
4	238.82	Bee12	15.12	32.45	47	False
4	239.88	Bee02	26.17	29.99	58	True
4	240.16	Bee16	20.22	36.03	73	True
4	240.46	Bee00	29.83	35.71	103	True
4	240.97	Bee12	15.37	32.50	48	False
4	240.97	Bee12	15.37	32.50	49	False
4	241.82	Bee18	24.69	29.55	62	True
4	241.82	Bee18	24.69	29.55	63	True
4	243.07	Bee12	15.39	32.30	49	True
4	243.35	Bee19	23.77	29.80	105	True
4	243.35	Bee19	23.77	29.80	106	True
4	243.87	Bee05	36.80	26.02	88	True
4	245.06	Bee00	22.25	30.51	104	True
4	245.85	Bee16	31.56	35.03	73	False
4	246.00	Bee05	32.58	26.58	89	True
4	246.00	Bee03	31.80	26.73	60	True
4	248.91	Bee04	36.54	27.56	46	True
4	249.86	Bee10	31.98	34.47	38	True
4	251.34	Bee10	31.69	31.52	39	True
4	251.66	Bee12	17.68	15.28	49	False
4	253.25	Bee01	21.29	32.42	49	True
4	253.51	Bee06	36.25	28.40	57	True
4	253.65	Bee04	31.10	35.33	46	False
4	254.99	Bee06	33.82	26.70	58	True
4	255.72	Bee07	21.11	13.46	46	False
4	257.51	Bee14	28.75	13.55	54	False
4	257.84	Bee17	28.84	12.02	64	False
4	257.84	Bee14	29.10	13.00	55	False
4	262.76	Bee14	35.98	13.91	56	False
4	269.08	Bee08	13.68	28.98	35	True
4	269.86	Bee14	48.59	18.43	57	False
4	270.87	Bee13	49.19	17.43	64	False
4	271.98	Bee09	21.33	31.35	65	True
4	271.98	Bee09	21.33	31.35	66	True
4	273.20	Bee04	20.89	36.25	46	True
4	274.67	Bee04	20.89	33.32	47	True
4	274.67	Bee04	20.89	33.32	48	True
4	277.70	Bee08	30.84	27.43	36	True
4	299.94	Bee07	36.11	21.19	46	True
4	300.38	Bee15	17.36	15.60	85	False
4	301.19	Bee02	25.87	29.92	59	True
4	303.36	Bee18	24.77	29.37	64	True
4	304.70	Bee19	23.95	29.85	107	True
4	306.01	Bee05	32.56	26.39	90	True
4	306.40	Bee00	22.71	29.88	105	True
4	306.67	Bee03	31.71	26.47	61	True
4	308.81	Bee17	16.89	33.69	64	True
4	310.19	Bee17	17.72	31.05	65	True
4	310.19	Bee07	17.65	30.10	47	True
4	310.60	Bee11	33.54	16.98	48	True
4	312.93	Bee01	21.47	32.31	50	True
4	313.07	Bee10	22.70	32.83	40	True
4	313.35	Bee06	33.72	26.88	59	True
4	317.75	Bee13	20.81	13.81	64	True
4	320.00	Bee12	19.50	14.37	49	True
4	320.65	Bee11	18.82	30.66	49	True
4	320.65	Bee11	18.82	30.66	50	True
4	326.14	Bee13	36.15	20.60	64	False
4	327.51	Bee12	18.92	29.38	50	True
4	332.61	Bee04	21.08	33.34	49	True
4	332.73	Bee09	21.70	30.61	67	True
4	338.40	Bee16	18.65	35.18	73	True
4	338.64	Bee08	30.81	27.23	37	True
4	339.23	Bee16	19.96	34.16	74	True
4	342.99	Bee15	13.00	23.62	85	True
4	346.47	Bee15	16.50	29.63	86	True
4	362.48	Bee02	25.93	29.73	60	True
4	362.63	Bee13	33.22	33.60	64	True
4	364.85	Bee18	24.60	29.31	65	True
4	364.85	Bee18	24.60	29.31	66	True
4	365.47	Bee13	30.78	28.46	65	True
4	366.01	Bee19	23.99	29.66	108	True
4	366.01	Bee19	23.99	29.66	109	True
4	366.22	Bee05	32.15	26.44	91	True
4	366.22	Bee05	32.15	26.44	92	True
4	366.22	Bee05	32.15	26.44	93	True
4	367.30	Bee03	31.48	26.55	62	True
4	367.44	Bee17	17.98	31.14	66	True
4	367.68	Bee00	22.55	29.78	106	True
4	368.90	Bee07	17.57	29.92	48	True
4	371.95	Bee06	33.25	26.61	60	True
4	373.10	Bee01	20.98	31.55	51	True
4	373.40	Bee10	22.54	31.55	41	True
4	379.29	Bee11	18.62	30.63	51	True
4	379.29	Bee11	18.62	30.63	52	True
4	388.91	Bee12	21.23	29.38	51	True
4	390.96	Bee04	21.11	32.70	50	True
4	391.26	Bee16	18.22	32.11	75	True
4	392.27	Bee14	15.45	32.32	57	True
4	393.04	Bee14	17.00	32.34	58	True
4	393.59	Bee09	21.86	30.70	68	True
4	393.59	Bee09	21.86	30.70	69	True
4	399.62	Bee08	30.64	27.26	38	True
4	403.06	Bee15	16.68	29.52	87	True
4	423.84	Bee02	25.76	29.69	61	True
4	425.25	Bee17	18.04	30.95	67	True
4	425.25	Bee17	18.04	30.95	68	True
4	425.25	Bee17	18.04	30.95	69	True
4	426.73	Bee05	32.14	26.24	94	True
4	427.51	Bee19	23.63	29.60	110	True
4	427.74	Bee07	17.76	29.84	49	True
4	428.09	Bee03	31.42	26.36	63	True
4	428.88	Bee00	22.64	29.63	107	True
4	431.30	Bee13	21.97	33.75	66	True
4	431.30	Bee06	33.14	26.79	61	True
4	433.39	Bee01	21.14	31.46	52	True
4	434.30	Bee18	30.36	14.08	66	False
4	438.75	Bee11	18.65	30.44	53	True
4	438.90	Bee14	16.99	32.03	59	True
4	440.38	Bee10	35.32	30.96	41	False
4	447.03	Bee16	18.39	31.97	76	True
4	450.09	Bee04	21.30	32.72	51	True
4	454.49	Bee09	21.94	30.53	70	True
4	457.86	Bee12	20.73	13.49	51	False
4	460.49	Bee15	16.77	29.69	88	True
4	460.63	Bee08	30.59	26.99	39	True
4	460.63	Bee08	30.59	26.99	40	True
4	477.00	Bee12	26.85	13.31	51	True
4	483.48	Bee17	18.23	31.00	70	True
4	483.48	Bee17	18.23	31.00	71	True
4	483.48	Bee17	18.23	31.00	72	True
4	483.48	Bee17	18.23	31.00	73	True
4	483.69	Bee12	32.90	25.26	52	True
4	486.92	Bee07	17.68	29.68	50	True
4	486.92	Bee07	17.68	29.68	51	True
4	487.35	Bee05	31.92	26.28	95	True
4	487.35	Bee05	31.92	26.28	96	True
4	487.35	Bee05	31.92	26.28	97	True
4	487.82	Bee14	17.16	32.03	60	True
4	488.84	Bee03	31.25	26.42	64	True
4	488.84	Bee03	31.25	26.42	65	True
4	489.15	Bee13	21.86	33.51	67	True
4	490.22	Bee00	22.41	29.50	108	True
4	490.73	Bee06	32.96	26.67	62	True
4	492.77	Bee18	30.40	35.45	66	True
4	493.21	Bee02	30.66	14.42	61	False
4	493.76	Bee01	21.04	31.31	53	True
4	497.16	Bee19	26.64	13.06	110	False
4	498.92	Bee11	19.89	30.74	54	True
