Run	Time	Name	X_pos	Y_pos

0	0.00	Bee19	16.50	1.50
0	0.00	Bee18	1.50	26.50
0	0.00	Bee17	22.50	8.50
0	0.00	Bee16	21.50	12.50
0	0.00	Bee15	10.50	8.50
0	0.00	Bee14	28.50	23.50
0	0.00	Bee13	13.50	44.50
0	0.00	Bee12	47.50	12.50
0	0.00	Bee11	19.50	7.50
0	0.00	Bee10	4.50	6.50
0	0.00	Bee09	17.50	13.50
0	0.00	Bee08	31.50	9.50
0	0.00	Bee07	0.50	25.50
0	0.00	Bee06	16.50	49.50
0	0.00	Bee05	13.50	45.50
0	0.00	Bee04	42.50	38.50
0	0.00	Bee03	42.50	43.50
0	0.00	Bee02	29.50	22.50
0	0.00	Bee01	25.50	15.50
0	0.00	Bee00	47.50	34.50
