Run	Time	Name	X_pos	Y_pos	State	Delay	OnCue
0	0.95	Bee04	42.90	40.39	0	0	False
0	0.95	Bee03	42.40	41.56	0	0	False
0	1.36	Bee03	42.40	41.55	0	0	False
0	3.06	Bee09	11.43	14.57	0	0	False
0	4.80	Bee11	11.81	13.30	0	0	False
0	7.92	Bee17	32.92	20.49	0	55.97963	True
0	7.92	Bee12	33.89	20.68	0	52.55214	True
0	8.42	Bee18	9.75	24.97	0	0	False
0	8.93	Bee15	10.50	26.39	0	0	False
0	9.10	Bee13	9.40	26.73	0	0	False
0	13.72	Bee13	13.79	21.67	0	13.45229	True
0	13.91	Bee19	14.71	21.36	0	42.35813	True
0	17.46	Bee16	7.84	44.69	0	0	False
0	24.08	Bee05	21.60	47.55	0	0	False
0	24.26	Bee11	22.81	47.28	0	0	False
0	26.49	Bee11	24.91	48.50	0	0	False
0	27.48	Bee15	25.45	49.36	0	0	False
0	28.36	Bee15	25.45	49.17	0	0	False
0	29.19	Bee13	13.97	21.85	0	25.29786	True
0	44.77	Bee03	19.77	33.32	0	53.89996	True
0	44.93	Bee08	18.51	33.31	0	47.92514	True
0	45.09	Bee18	13.40	20.86	0	0	False
0	45.69	Bee11	39.74	17.55	0	0	False
0	45.69	Bee06	40.79	17.26	0	0	False
0	46.85	Bee18	13.58	20.65	0	0	False
0	49.05	Bee18	13.76	20.83	0	1.463415	True
0	49.05	Bee18	13.76	20.83	0	1.463415	True
0	52.57	Bee18	13.92	20.66	0	3.609023	True
0	56.54	Bee13	14.11	21.69	0	27.40902	True
0	56.54	Bee13	14.11	21.69	0	27.40902	True
0	56.54	Bee13	14.11	21.69	0	27.40902	True
0	58.16	Bee18	14.09	20.81	0	13.45229	True
0	58.16	Bee18	14.09	20.81	0	13.45229	True
0	59.38	Bee19	17.16	21.52	0	57.38037	True
0	59.38	Bee06	17.77	21.01	0	57.74436	True
0	59.38	Bee06	17.77	21.01	0	57.74436	True
0	60.09	Bee10	32.53	21.70	0	57.6024	True
0	62.22	Bee00	48.29	23.86	0	0	False
0	62.50	Bee12	33.79	20.47	0	52.55214	True
0	62.50	Bee12	33.79	20.47	0	52.55214	True
0	62.50	Bee05	48.98	24.63	0	0	False
0	62.82	Bee00	48.47	23.99	0	0	False
0	62.82	Bee00	48.47	23.99	0	0	False
0	63.35	Bee00	48.61	24.14	0	0	False
0	63.35	Bee00	48.61	24.14	0	0	False
0	64.14	Bee05	48.75	24.65	0	0	False
0	64.14	Bee05	48.75	24.65	0	0	False
0	64.14	Bee00	48.68	24.36	0	0	False
0	64.14	Bee00	48.68	24.36	0	0	False
0	64.14	Bee00	48.68	24.36	0	0	False
0	64.14	Bee00	48.68	24.36	0	0	False
0	65.16	Bee05	48.55	24.79	0	0	False
0	65.91	Bee17	32.75	20.62	0	56.49717	True
0	66.23	Bee05	48.46	25.07	0	0	False
0	71.19	Bee01	23.57	49.46	0	0	False
0	91.70	Bee14	20.12	32.01	0	57.31135	True
0	93.74	Bee16	15.80	21.73	0	54.23576	True
0	94.87	Bee08	18.69	33.29	0	49.33144	True
0	98.16	Bee13	32.24	38.42	0	0	False
0	98.16	Bee09	33.13	37.76	0	0	False
0	100.63	Bee03	19.84	33.14	0	54.64334	True
0	110.69	Bee09	17.51	22.83	0	58.16424	True
0	117.14	Bee12	33.58	20.59	0	53.89996	True
0	117.14	Bee12	33.58	20.59	0	53.89996	True
0	118.73	Bee19	17.14	21.71	0	57.34619	True
0	118.73	Bee19	17.14	21.71	0	57.34619	True
0	119.13	Bee06	17.83	21.23	0	57.84916	True
0	119.13	Bee06	17.83	21.23	0	57.84916	True
0	122.22	Bee11	30.49	26.58	0	59.10513	True
0	122.22	Bee10	29.44	26.05	0	59.37411	True
0	122.71	Bee18	32.29	19.47	0	55.84948	True
0	124.52	Bee17	32.63	20.43	0	56.44466	True
0	128.38	Bee13	34.80	20.23	0	38.29233	True
0	146.39	Bee05	12.93	20.98	0	0	False
0	146.39	Bee01	13.06	19.87	0	0	False
0	148.54	Bee05	13.16	20.99	0	0	False
0	148.54	Bee01	13.28	19.91	0	0	False
0	150.00	Bee16	15.94	21.87	0	54.8316	True
0	150.79	Bee08	17.31	23.97	0	58.2228	True
0	157.63	Bee14	22.03	18.74	0	58.68193	True
0	160.29	Bee07	16.13	19.75	0	50.73502	True
0	160.29	Bee00	14.99	19.70	0	30.35573	True
0	168.69	Bee13	34.63	20.35	0	44.24783	True
0	168.69	Bee13	34.63	20.35	0	44.24783	True
0	169.95	Bee15	43.30	44.47	0	0	False
0	169.95	Bee03	43.18	43.33	0	0	False
0	170.89	Bee15	43.23	44.28	0	0	False
0	170.89	Bee15	43.23	44.28	0	0	False
0	170.89	Bee09	17.66	22.69	0	58.29667	True
0	171.68	Bee03	43.16	43.53	0	0	False
0	171.68	Bee03	43.16	43.53	0	0	False
0	172.58	Bee03	43.25	43.72	0	0	False
0	172.58	Bee03	43.25	43.72	0	0	False
0	172.78	Bee15	43.54	44.05	0	0	False
0	172.78	Bee15	43.54	44.05	0	0	False
0	173.11	Bee12	33.47	20.35	0	53.66019	True
0	173.41	Bee15	43.70	43.86	0	0	False
0	175.40	Bee05	21.96	17.55	0	57.9703	True
0	178.09	Bee19	17.34	21.72	0	57.6024	True
0	178.09	Bee19	17.34	21.72	0	57.6024	True
0	178.09	Bee19	17.34	21.72	0	57.6024	True
0	181.06	Bee06	21.98	20.07	0	59.14492	True
0	183.27	Bee11	30.30	26.58	0	59.1576	True
0	185.14	Bee18	23.04	18.47	0	58.7635	True
0	185.14	Bee18	23.04	18.47	0	58.7635	True
0	187.54	Bee01	21.29	16.51	0	55.78207	True
0	187.79	Bee10	23.05	20.44	0	59.31379	True
0	192.78	Bee00	15.17	19.48	0	33.03371	True
0	206.77	Bee16	16.08	21.72	0	55.26216	True
0	211.10	Bee08	17.54	23.96	0	58.36606	True
0	213.25	Bee07	16.40	20.39	0	54.23576	True
0	214.82	Bee03	11.21	48.34	0	0	False
0	214.95	Bee13	34.48	20.14	0	43.33796	True
0	215.68	Bee03	11.05	48.45	0	0	False
0	216.76	Bee03	11.01	48.63	0	0	False
0	217.87	Bee03	11.10	48.78	0	0	False
0	217.87	Bee03	11.10	48.78	0	0	False
0	218.31	Bee14	22.28	18.78	0	58.78542	True
0	226.97	Bee03	9.64	45.17	0	0	False
0	227.78	Bee00	15.32	19.60	0	37.62029	True
0	228.25	Bee04	5.26	32.64	0	0	False
0	231.16	Bee09	17.81	22.85	0	58.38275	True
0	235.33	Bee05	21.79	17.63	0	57.89886	True
0	235.33	Bee05	21.79	17.63	0	57.89886	True
0	237.73	Bee19	17.32	21.93	0	57.68911	True
0	237.73	Bee19	17.32	21.93	0	57.68911	True
0	240.65	Bee12	12.14	31.21	0	0	False
0	240.80	Bee17	12.69	32.14	0	0	False
0	242.25	Bee06	22.02	20.28	0	59.18809	True
0	245.32	Bee01	21.50	16.59	0	56.22261	True
0	245.98	Bee18	23.03	18.71	0	58.84784	True
0	249.22	Bee10	22.93	20.60	0	59.33629	True
0	254.72	Bee15	16.25	24.09	0	56.92245	True
0	263.96	Bee16	16.22	21.86	0	55.78207	True
0	268.53	Bee04	20.84	15.75	0	51.89189	True
0	269.43	Bee13	20.23	31.83	0	57.63183	True
0	271.52	Bee08	17.54	24.16	0	58.38275	True
0	271.79	Bee07	20.85	18.32	0	58.06007	True
0	279.22	Bee14	22.22	19.04	0	58.84784	True
0	285.79	Bee03	48.75	23.15	0	0	False
0	287.63	Bee03	48.69	22.98	0	0	False
0	291.51	Bee09	17.98	22.69	0	58.4928	True
0	291.89	Bee02	14.99	23.97	0	52.70517	True
0	295.26	Bee05	21.89	17.80	0	58.10277	True
0	297.51	Bee19	17.57	21.94	0	57.99331	True
0	297.51	Bee19	17.57	21.94	0	57.99331	True
0	301.44	Bee03	24.23	18.11	0	58.68193	True
0	303.53	Bee06	22.24	20.23	0	59.19399	True
0	303.53	Bee06	22.24	20.23	0	59.19399	True
0	303.53	Bee01	21.42	16.80	0	56.59883	True
0	306.82	Bee18	23.22	18.72	0	58.86758	True
0	313.68	Bee15	16.34	24.26	0	57.08738	True
0	321.81	Bee16	16.48	21.57	0	56.22261	True
0	322.41	Bee04	21.02	15.70	0	51.89189	True
0	328.43	Bee00	3.93	26.79	0	0	False
0	330.28	Bee00	1.76	26.44	0	0	False
0	332.05	Bee07	21.01	18.75	0	58.46252	True
0	332.24	Bee00	1.77	26.07	0	0	False
0	333.04	Bee13	15.44	25.20	0	54.92214	True
0	340.16	Bee14	22.46	19.07	0	58.93286	True
0	340.16	Bee14	22.46	19.07	0	58.93286	True
0	340.32	Bee00	14.22	23.03	0	40.74454	True
0	346.61	Bee02	15.07	24.14	0	53.40659	True
0	354.92	Bee10	22.66	25.74	0	59.63463	True
0	355.38	Bee05	21.73	17.88	0	58.12359	True
0	355.38	Bee05	21.73	17.88	0	58.12359	True
0	358.17	Bee19	17.44	23.45	0	58.2228	True
0	362.19	Bee03	24.20	18.38	0	58.81725	True
0	362.19	Bee01	21.68	16.88	0	56.96495	True
0	366.82	Bee06	23.13	24.62	0	59.66653	True
0	367.76	Bee18	23.20	18.92	0	58.94172	True
0	372.73	Bee15	16.51	24.16	0	57.38037	True
0	376.32	Bee04	21.09	15.96	0	53.78174	True
0	380.31	Bee16	17.11	22.16	0	57.6024	True
0	380.31	Bee08	25.64	21.39	0	59.5058	True
0	381.52	Bee12	22.86	20.16	0	59.26007	True
0	382.97	Bee00	14.26	23.21	0	43.8013	True
0	383.73	Bee17	25.36	18.83	0	58.98444	True
0	389.98	Bee13	15.62	25.09	0	55.57	True
0	389.98	Bee13	15.62	25.09	0	55.57	True
0	392.48	Bee07	21.20	18.68	0	58.47778	True
0	392.48	Bee07	21.20	18.68	0	58.47778	True
0	398.42	Bee09	26.71	18.97	0	58.96767	True
0	401.06	Bee14	22.44	19.29	0	58.98444	True
0	401.98	Bee02	15.27	24.04	0	54.34176	True
0	401.98	Bee02	15.27	24.04	0	54.34176	True
0	415.43	Bee05	21.82	18.03	0	58.2228	True
0	416.53	Bee10	22.75	25.58	0	59.64345	True
0	420.97	Bee19	22.74	23.57	0	59.61009	True
0	421.26	Bee01	21.58	17.16	0	57.34619	True
0	423.09	Bee03	24.40	18.39	0	58.82758	True
0	428.71	Bee18	23.39	18.93	0	58.95913	True
0	428.86	Bee00	14.72	23.08	0	49.33144	True
0	432.13	Bee15	16.62	24.35	0	57.54189	True
0	442.00	Bee16	20.00	18.95	0	58.14408	True
0	442.72	Bee08	23.72	20.81	0	59.41248	True
0	442.72	Bee08	23.72	20.81	0	59.41248	True
0	444.62	Bee17	25.51	18.94	0	59.0168	True
0	446.16	Bee12	17.76	25.06	0	58.59208	True
0	452.92	Bee07	21.26	18.85	0	58.60546	True
0	458.52	Bee02	15.41	24.41	0	54.8316	True
0	458.77	Bee11	21.80	26.12	0	59.54809	True
0	459.36	Bee09	26.59	19.10	0	59.00885	True
0	462.13	Bee14	22.66	19.29	0	59.0168	True
0	462.13	Bee14	22.66	19.29	0	59.0168	True
0	467.08	Bee06	27.66	19.55	0	59.00082	True
0	475.66	Bee05	21.65	18.12	0	58.2228	True
0	480.33	Bee00	14.79	23.47	0	50.9434	True
0	480.57	Bee01	21.79	17.23	0	57.44681	True
0	483.39	Bee19	22.60	25.14	0	59.63463	True
0	483.91	Bee03	24.38	18.56	0	58.91479	True
0	483.91	Bee03	24.38	18.56	0	58.91479	True
0	489.68	Bee18	23.37	19.12	0	59.02464	True
0	489.68	Bee18	23.37	19.12	0	59.02464	True
0	491.60	Bee15	16.79	24.24	0	57.77126	True
1	13.24	Bee12	20.06	47.38	0	0	False
1	13.38	Bee04	4.56	14.82	0	0	False
1	14.92	Bee12	19.97	47.54	0	0	False
1	15.53	Bee04	4.42	14.98	0	0	False
1	15.81	Bee12	19.98	47.76	0	0	False
1	16.09	Bee02	10.01	24.30	0	0	False
1	16.38	Bee04	4.20	15.08	0	0	False
1	16.38	Bee04	4.20	15.08	0	0	False
1	16.67	Bee12	19.88	47.95	0	0	False
1	17.67	Bee04	4.02	14.98	0	0	False
1	17.67	Bee04	4.02	14.98	0	0	False
1	18.57	Bee04	3.82	15.00	0	0	False
1	18.57	Bee04	3.82	15.00	0	0	False
1	22.17	Bee10	4.16	13.57	0	0	False
1	22.67	Bee10	3.99	13.63	0	0	False
1	23.61	Bee10	3.88	13.78	0	0	False
1	25.18	Bee10	4.00	14.03	0	0	False
1	25.18	Bee10	4.00	14.03	0	0	False
1	26.30	Bee10	3.95	14.24	0	0	False
1	26.30	Bee10	3.95	14.24	0	0	False
1	26.30	Bee10	3.95	14.24	0	0	False
1	27.10	Bee06	44.56	4.95	0	0	False
1	29.00	Bee06	44.36	5.01	0	0	False
1	29.19	Bee09	25.75	37.74	0	0	False
1	29.71	Bee09	25.77	37.56	0	0	False
1	29.71	Bee06	44.17	4.99	0	0	False
1	30.64	Bee09	25.90	37.41	0	0	False
1	30.64	Bee06	44.02	4.87	0	0	False
1	32.93	Bee07	34.70	14.10	0	0	False
1	33.64	Bee07	34.51	14.07	0	0	False
1	34.18	Bee05	33.73	13.62	0	0	False
1	34.76	Bee07	34.31	14.20	0	0	False
1	35.70	Bee05	33.74	13.81	0	0	False
1	41.85	Bee17	47.97	40.79	0	0	False
1	41.85	Bee16	47.79	39.74	0	0	False
1	42.54	Bee17	47.84	40.63	0	0	False
1	42.92	Bee04	3.15	15.73	0	0	False
1	43.83	Bee16	47.68	39.93	0	0	False
1	44.00	Bee19	11.81	27.65	0	0	False
1	44.00	Bee19	11.81	27.65	0	0	False
1	44.46	Bee16	47.53	40.38	0	0	False
1	44.46	Bee16	47.53	40.38	0	0	False
1	44.46	Bee16	47.53	40.38	0	0	False
1	46.51	Bee14	38.10	22.91	0	0	False
1	46.75	Bee09	4.17	19.45	0	0	False
1	46.75	Bee08	11.63	21.62	0	0	False
1	46.75	Bee08	11.63	21.62	0	0	False
1	46.75	Bee04	4.69	19.02	0	0	False
1	46.75	Bee01	11.00	21.42	0	0	False
1	47.60	Bee08	11.64	21.23	0	0	False
1	48.41	Bee05	12.88	21.48	0	0	False
1	48.66	Bee13	41.86	46.00	0	0	False
1	53.83	Bee15	48.51	14.59	0	0	False
1	53.83	Bee14	47.78	14.45	0	0	False
1	54.42	Bee15	48.37	14.79	0	0	False
1	54.42	Bee14	47.92	14.25	0	0	False
1	54.76	Bee04	15.04	28.92	0	45.87903	True
1	56.00	Bee15	48.10	14.75	0	0	False
1	56.00	Bee15	48.10	14.75	0	0	False
1	58.28	Bee19	38.47	28.83	0	0	False
1	58.28	Bee13	39.20	29.64	0	0	False
1	59.26	Bee13	39.30	29.43	0	0	False
1	60.07	Bee18	43.27	9.71	0	0	False
1	60.41	Bee19	38.46	29.11	0	0	False
1	60.41	Bee13	39.22	29.17	0	0	False
1	61.39	Bee00	42.60	8.77	0	0	False
1	62.04	Bee13	38.96	29.13	0	0	False
1	62.04	Bee13	38.96	29.13	0	0	False
1	62.04	Bee13	38.96	29.13	0	0	False
1	62.39	Bee18	43.17	9.46	0	0	False
1	62.39	Bee18	43.17	9.46	0	0	False
1	63.88	Bee18	42.87	9.41	0	0	False
1	69.96	Bee02	1.19	48.58	0	0	False
1	70.54	Bee02	1.38	48.72	0	0	False
1	72.06	Bee02	1.34	49.00	0	0	False
1	72.06	Bee02	1.34	49.00	0	0	False
1	79.50	Bee02	1.35	49.31	0	0	False
1	80.03	Bee02	1.49	49.12	0	0	False
1	80.42	Bee07	1.79	49.57	0	0	False
1	80.42	Bee07	1.79	49.57	0	0	False
1	92.75	Bee03	16.38	48.62	0	0	False
1	93.77	Bee12	46.80	23.41	0	0	False
1	93.77	Bee09	47.39	23.95	0	0	False
1	94.21	Bee03	16.45	48.84	0	0	False
1	94.37	Bee09	47.22	23.67	0	0	False
1	94.37	Bee09	47.22	23.67	0	0	False
1	94.37	Bee09	47.22	23.67	0	0	False
1	95.77	Bee11	23.54	8.07	0	0	False
1	96.55	Bee03	16.18	49.12	0	0	False
1	96.55	Bee03	16.18	49.12	0	0	False
1	99.01	Bee10	22.99	39.85	0	0	False
1	101.81	Bee17	34.94	14.86	0	0	False
1	101.81	Bee00	35.90	14.83	0	0	False
1	103.16	Bee17	34.96	15.10	0	0	False
1	103.16	Bee00	35.70	14.97	0	0	False
1	104.31	Bee00	35.66	15.18	0	0	False
1	107.30	Bee03	13.95	31.87	0	0	False
1	107.71	Bee02	48.86	23.05	0	0	False
1	108.55	Bee00	30.37	15.81	0	44.24783	True
1	108.70	Bee13	29.15	15.68	0	50.51983	True
1	109.30	Bee02	49.19	22.80	0	0	False
1	111.36	Bee02	48.99	22.69	0	0	False
1	112.05	Bee02	48.87	22.54	0	0	False
1	113.01	Bee02	48.84	22.29	0	0	False
1	113.59	Bee09	49.40	21.75	0	0	False
1	113.99	Bee02	48.68	22.12	0	0	False
1	114.54	Bee09	49.16	21.73	0	0	False
1	114.54	Bee09	49.16	21.73	0	0	False
1	114.74	Bee02	48.54	21.76	0	0	False
1	115.71	Bee09	48.95	21.88	0	0	False
1	115.71	Bee09	48.95	21.88	0	0	False
1	115.71	Bee09	48.95	21.88	0	0	False
1	119.80	Bee17	24.93	45.55	0	0	False
1	119.80	Bee14	24.92	46.29	0	0	False
1	120.45	Bee11	48.16	14.26	0	0	False
1	120.45	Bee06	23.77	45.75	0	0	False
1	120.45	Bee06	23.77	45.75	0	0	False
1	121.21	Bee06	24.06	45.64	0	0	False
1	121.21	Bee06	24.06	45.64	0	0	False
1	121.21	Bee06	24.06	45.64	0	0	False
1	121.64	Bee17	24.60	45.56	0	0	False
1	121.64	Bee17	24.60	45.56	0	0	False
1	121.64	Bee17	24.60	45.56	0	0	False
1	122.63	Bee11	47.16	15.99	0	0	False
1	123.00	Bee17	24.00	45.14	0	0	False
1	124.00	Bee05	48.47	21.80	0	0	False
1	125.52	Bee05	48.75	21.84	0	0	False
1	127.15	Bee05	48.82	22.12	0	0	False
1	127.15	Bee05	48.82	22.12	0	0	False
1	128.06	Bee05	48.95	22.25	0	0	False
1	128.06	Bee05	48.95	22.25	0	0	False
1	142.52	Bee19	44.65	14.99	0	0	False
1	142.52	Bee09	44.65	16.14	0	0	False
1	143.54	Bee09	44.40	16.07	0	0	False
1	144.01	Bee19	44.39	15.02	0	0	False
1	146.16	Bee19	42.51	13.71	0	0	False
1	146.16	Bee01	42.33	12.64	0	0	False
1	147.59	Bee01	42.29	12.82	0	0	False
1	147.85	Bee19	42.55	13.48	0	0	False
1	147.85	Bee19	42.55	13.48	0	0	False
1	148.06	Bee03	48.43	45.00	0	0	False
1	148.57	Bee03	48.62	45.05	0	0	False
1	149.04	Bee19	42.73	13.35	0	0	False
1	149.32	Bee03	48.88	44.99	0	0	False
1	149.32	Bee03	48.88	44.99	0	0	False
1	149.73	Bee07	0.41	21.06	0	0	False
1	150.36	Bee09	31.70	15.70	0	17.14286	True
1	150.69	Bee03	49.00	44.75	0	0	False
1	150.69	Bee03	49.00	44.75	0	0	False
1	159.40	Bee18	12.75	36.09	0	0	False
1	159.40	Bee05	13.80	35.59	0	0	False
1	159.72	Bee15	15.80	42.79	0	0	False
1	159.85	Bee10	15.69	41.62	0	0	False
1	161.57	Bee10	15.66	41.81	0	0	False
1	161.72	Bee17	14.95	29.15	0	42.85714	True
1	161.72	Bee11	15.79	29.36	0	51.71385	True
1	161.72	Bee11	15.79	29.36	0	51.71385	True
1	165.45	Bee06	32.01	16.86	0	43.33796	True
1	169.53	Bee09	31.71	15.95	0	25.29786	True
1	169.53	Bee09	31.71	15.95	0	25.29786	True
1	170.44	Bee05	11.22	14.88	0	0	False
1	170.86	Bee03	15.59	30.63	0	41.84019	True
1	174.73	Bee05	5.93	12.43	0	0	False
1	174.73	Bee01	5.73	11.58	0	0	False
1	176.28	Bee01	5.47	11.63	0	0	False
1	186.69	Bee19	1.66	20.76	0	0	False
1	187.64	Bee07	0.40	20.94	0	0	False
1	188.07	Bee19	1.38	20.63	0	0	False
1	189.84	Bee19	1.21	20.82	0	0	False
1	191.46	Bee16	14.79	31.58	0	0	False
1	191.84	Bee19	1.05	20.69	0	0	False
1	191.84	Bee19	1.05	20.69	0	0	False
1	192.46	Bee14	42.46	39.00	0	0	False
1	192.46	Bee00	43.09	38.31	0	0	False
1	193.16	Bee14	42.41	38.77	0	0	False
1	193.54	Bee16	14.74	31.37	0	0	False
1	193.54	Bee16	14.74	31.37	0	0	False
1	193.96	Bee19	0.92	20.88	0	0	False
1	193.96	Bee19	0.92	20.88	0	0	False
1	194.39	Bee13	14.10	1.87	0	0	False
1	194.39	Bee00	43.04	38.10	0	0	False
1	195.69	Bee19	1.04	21.03	0	0	False
1	195.69	Bee16	14.94	31.34	0	3.609023	True
1	197.62	Bee10	28.93	16.16	0	54.23576	True
1	197.62	Bee09	29.87	15.98	0	50.06787	True
1	197.62	Bee09	29.87	15.98	0	50.06787	True
1	201.32	Bee16	14.89	31.13	0	7.552447	True
1	201.32	Bee16	14.89	31.13	0	7.552447	True
1	204.28	Bee19	13.89	30.93	0	0	False
1	206.24	Bee00	33.15	17.41	0	32.17068	True
1	206.39	Bee19	14.07	30.69	0	0	False
1	206.67	Bee17	15.06	29.33	0	44.67824	True
1	206.67	Bee17	15.06	29.33	0	44.67824	True
1	207.25	Bee15	16.82	10.09	0	0	False
1	207.25	Bee01	16.59	9.42	0	0	False
1	207.25	Bee01	16.59	9.42	0	0	False
1	208.30	Bee01	16.76	9.54	0	0	False
1	208.30	Bee01	16.76	9.54	0	0	False
1	208.58	Bee19	14.25	30.85	0	0	False
1	208.58	Bee19	14.25	30.85	0	0	False
1	210.70	Bee19	14.38	30.69	0	0.2390438	True
1	210.70	Bee19	14.38	30.69	0	0.2390438	True
1	211.10	Bee16	15.23	31.10	0	20.75867	True
1	211.10	Bee16	15.23	31.10	0	20.75867	True
1	213.03	Bee19	14.52	30.81	0	0.9448819	True
1	213.03	Bee19	14.52	30.81	0	0.9448819	True
1	214.70	Bee03	15.68	30.44	0	45.49323	True
1	214.70	Bee03	15.68	30.44	0	45.49323	True
1	215.44	Bee11	15.72	29.17	0	51.71385	True
1	216.01	Bee19	14.64	30.64	0	7.552447	True
1	216.01	Bee19	14.64	30.64	0	7.552447	True
1	216.55	Bee08	10.66	6.08	0	0	False
1	216.71	Bee14	9.98	6.86	0	0	False
1	218.39	Bee14	10.06	6.68	0	0	False
1	225.65	Bee19	14.79	30.77	0	11.02041	True
1	225.65	Bee19	14.79	30.77	0	11.02041	True
1	225.65	Bee19	14.79	30.77	0	11.02041	True
1	225.65	Bee19	14.79	30.77	0	11.02041	True
1	226.77	Bee14	21.31	12.77	0	0	False
1	226.77	Bee07	21.40	13.94	0	11.02041	True
1	227.42	Bee14	21.69	12.89	0	0	False
1	229.71	Bee14	21.56	13.18	0	0	False
1	229.71	Bee14	21.56	13.18	0	0	False
1	230.01	Bee02	43.95	45.41	0	0	False
1	230.01	Bee02	43.95	45.41	0	0	False
1	232.03	Bee14	21.82	13.27	0	0	False
1	233.91	Bee16	15.20	30.88	0	25.29786	True
1	233.91	Bee16	15.20	30.88	0	25.29786	True
1	233.91	Bee16	15.20	30.88	0	25.29786	True
1	233.91	Bee16	15.20	30.88	0	25.29786	True
1	233.91	Bee16	15.20	30.88	0	25.29786	True
1	234.38	Bee14	21.65	13.58	0	1.463415	True
1	234.38	Bee14	21.65	13.58	0	1.463415	True
1	234.38	Bee14	21.65	13.58	0	1.463415	True
1	237.75	Bee14	21.80	13.66	0	7.552447	True
1	238.65	Bee19	14.90	30.62	0	19.56873	True
1	238.65	Bee19	14.90	30.62	0	19.56873	True
1	242.47	Bee18	6.38	43.89	0	0	False
1	242.47	Bee15	6.57	42.83	0	0	False
1	249.69	Bee09	29.87	16.25	0	52.232	True
1	253.27	Bee17	15.26	29.20	0	47.92514	True
1	253.27	Bee17	15.26	29.20	0	47.92514	True
1	253.27	Bee17	15.26	29.20	0	47.92514	True
1	254.05	Bee01	15.64	27.92	0	53.89996	True
1	257.57	Bee02	37.22	20.17	0	0	False
1	260.18	Bee19	15.09	30.78	0	24.20048	True
1	260.18	Bee19	15.09	30.78	0	24.20048	True
1	261.17	Bee16	15.45	30.84	0	33.8676	True
1	261.17	Bee16	15.45	30.84	0	33.8676	True
1	261.17	Bee16	15.45	30.84	0	33.8676	True
1	261.40	Bee12	5.92	36.47	0	0	False
1	262.32	Bee03	15.87	30.54	0	47.29083	True
1	269.16	Bee11	15.99	29.09	0	53.66019	True
1	272.29	Bee02	15.41	35.35	0	0	False
1	272.29	Bee00	15.32	36.47	0	0	False
1	273.31	Bee02	15.34	35.55	0	0	False
1	274.69	Bee06	45.67	20.94	0	0	False
1	274.69	Bee05	46.50	21.69	0	0	False
1	275.96	Bee05	46.32	21.72	0	0	False
1	275.96	Bee05	46.32	21.72	0	0	False
1	276.29	Bee06	45.90	21.09	0	0	False
1	276.29	Bee06	45.90	21.09	0	0	False
1	277.18	Bee05	46.12	21.57	0	0	False
1	277.18	Bee05	46.12	21.57	0	0	False
1	277.78	Bee06	46.06	21.00	0	0	False
1	279.29	Bee12	6.26	1.44	0	0	False
1	279.58	Bee13	6.30	0.44	0	0	False
1	282.95	Bee00	31.11	48.60	0	0	False
1	283.69	Bee00	31.31	48.89	0	0	False
1	286.46	Bee19	15.29	30.53	0	36.19992	True
1	286.46	Bee19	15.29	30.53	0	36.19992	True
1	286.46	Bee19	15.29	30.53	0	36.19992	True
1	286.46	Bee07	31.37	49.59	0	0	False
1	286.46	Bee07	31.37	49.59	0	0	False
1	289.94	Bee10	28.93	15.42	0	49.06905	True
1	297.08	Bee16	15.40	30.62	0	37.62029	True
1	297.08	Bee16	15.40	30.62	0	37.62029	True
1	297.98	Bee05	11.57	39.10	0	0	False
1	303.16	Bee00	1.48	36.03	0	0	False
1	303.31	Bee17	15.40	29.46	0	47.61354	True
1	303.31	Bee17	15.40	29.46	0	47.61354	True
1	303.31	Bee17	15.40	29.46	0	47.61354	True
1	303.92	Bee09	29.70	16.24	0	52.232	True
1	304.33	Bee00	1.27	36.11	0	0	False
1	309.25	Bee13	3.06	41.85	0	0	False
1	309.99	Bee01	15.88	27.96	0	55.0104	True
1	311.52	Bee03	15.96	30.37	0	48.79761	True
1	311.52	Bee03	15.96	30.37	0	48.79761	True
1	313.23	Bee05	0.49	48.33	0	0	False
1	313.23	Bee05	0.49	48.33	0	0	False
1	314.36	Bee05	0.41	48.50	0	0	False
1	318.85	Bee08	0.87	49.59	0	0	False
1	319.92	Bee08	1.04	49.42	0	0	False
1	320.71	Bee08	1.22	49.36	0	0	False
1	322.99	Bee00	1.79	49.59	0	0	False
1	323.87	Bee00	1.59	49.46	0	0	False
1	323.87	Bee00	1.59	49.46	0	0	False
1	324.63	Bee19	15.49	30.69	0	38.29233	True
1	324.63	Bee19	15.49	30.69	0	38.29233	True
1	324.99	Bee11	15.87	28.84	0	53.78174	True
1	324.99	Bee11	15.87	28.84	0	53.78174	True
1	327.55	Bee00	1.31	49.44	0	0	False
1	328.81	Bee00	1.13	49.47	0	0	False
1	328.81	Bee00	1.13	49.47	0	0	False
1	329.79	Bee07	36.09	11.63	0	0	False
1	330.85	Bee05	14.80	31.81	0	0	False
1	331.27	Bee00	0.74	49.36	0	0	False
1	331.27	Bee00	0.74	49.36	0	0	False
1	331.59	Bee05	14.88	31.56	0	0.05994006	True
1	333.75	Bee05	15.09	31.64	0	3.609023	True
1	336.66	Bee16	15.60	30.58	0	41.84019	True
1	336.66	Bee16	15.60	30.58	0	41.84019	True
1	336.66	Bee16	15.60	30.58	0	41.84019	True
1	336.66	Bee16	15.60	30.58	0	41.84019	True
1	337.17	Bee06	28.81	17.07	0	56.78955	True
1	339.09	Bee08	0.42	48.59	0	0	False
1	339.49	Bee05	15.15	31.45	0	12.2293	True
1	340.41	Bee00	0.43	49.39	0	0	False
1	340.41	Bee00	0.43	49.39	0	0	False
1	341.00	Bee10	28.88	15.61	0	50.73502	True
1	346.16	Bee15	14.15	32.24	0	0	False
1	347.84	Bee15	14.20	32.04	0	0	False
1	348.38	Bee15	14.30	31.84	0	0	False
1	349.85	Bee15	14.48	31.84	0	0	False
1	349.85	Bee15	14.48	31.84	0	0	False
1	350.99	Bee15	14.64	31.97	0	0	False
1	351.25	Bee08	0.41	48.68	0	0	False
1	352.98	Bee17	15.61	29.33	0	50.51983	True
1	352.98	Bee17	15.61	29.33	0	50.51983	True
1	353.19	Bee15	14.89	31.64	0	0.05994006	True
1	353.70	Bee05	15.38	31.53	0	17.14286	True
1	355.42	Bee15	15.09	31.81	0	0.5351834	True
1	355.42	Bee15	15.09	31.81	0	0.5351834	True
1	357.49	Bee00	0.40	49.22	0	0	False
1	358.06	Bee15	15.29	31.54	0	13.45229	True
1	358.06	Bee15	15.29	31.54	0	13.45229	True
1	358.37	Bee09	29.69	16.86	0	55.26216	True
1	362.38	Bee03	16.14	30.48	0	49.33144	True
1	363.46	Bee08	0.43	48.21	0	0	False
1	364.87	Bee19	15.63	30.51	0	42.85714	True
1	364.87	Bee19	15.63	30.51	0	42.85714	True
1	364.87	Bee19	15.63	30.51	0	42.85714	True
1	364.87	Bee19	15.63	30.51	0	42.85714	True
1	365.11	Bee08	0.88	48.39	0	0	False
1	372.97	Bee05	15.44	31.31	0	23.07692	True
1	372.97	Bee05	15.44	31.31	0	23.07692	True
1	373.71	Bee12	48.69	6.80	0	0	False
1	374.82	Bee02	49.57	6.52	0	0	False
1	375.02	Bee13	14.74	28.50	0	43.33796	True
1	380.62	Bee16	15.53	30.34	0	42.85714	True
1	380.62	Bee16	15.53	30.34	0	42.85714	True
1	380.62	Bee16	15.53	30.34	0	42.85714	True
1	387.51	Bee12	32.89	19.89	0	55.0104	True
1	387.51	Bee08	32.24	20.72	0	57.34619	True
1	392.76	Bee00	13.87	29.56	0	0.5351834	True
1	395.68	Bee00	14.52	30.06	0	13.45229	True
1	395.68	Bee00	14.52	30.06	0	13.45229	True
1	395.68	Bee00	14.52	30.06	0	13.45229	True
1	397.99	Bee05	15.63	31.37	0	28.42105	True
1	400.64	Bee01	48.38	20.29	0	0	False
1	401.31	Bee01	48.58	20.33	0	0	False
1	401.66	Bee11	49.33	19.85	0	0	False
1	401.66	Bee11	49.33	19.85	0	0	False
1	401.98	Bee01	48.81	20.29	0	0	False
1	401.98	Bee01	48.81	20.29	0	0	False
1	403.51	Bee01	48.94	20.45	0	0	False
1	405.48	Bee17	15.70	29.51	0	50.51983	True
1	405.48	Bee17	15.70	29.51	0	50.51983	True
1	409.72	Bee19	15.76	30.63	0	45.09317	True
1	409.72	Bee19	15.76	30.63	0	45.09317	True
1	409.72	Bee19	15.76	30.63	0	45.09317	True
1	409.72	Bee19	15.76	30.63	0	45.09317	True
1	409.72	Bee19	15.76	30.63	0	45.09317	True
1	411.20	Bee00	14.64	29.86	0	23.07692	True
1	411.20	Bee00	14.64	29.86	0	23.07692	True
1	413.73	Bee03	16.24	30.32	0	51.14522	True
1	416.01	Bee18	48.69	19.15	0	0	False
1	416.87	Bee18	48.86	19.21	0	0	False
1	418.37	Bee18	48.89	19.41	0	0	False
1	419.26	Bee18	48.81	19.61	0	0	False
1	420.99	Bee18	48.98	19.76	0	0	False
1	420.99	Bee18	48.98	19.76	0	0	False
1	425.60	Bee16	15.74	30.30	0	46.25114	True
1	425.60	Bee16	15.74	30.30	0	46.25114	True
1	425.60	Bee16	15.74	30.30	0	46.25114	True
1	427.64	Bee02	13.50	29.26	0	0	False
1	428.32	Bee05	15.69	31.16	0	35.45008	True
1	428.32	Bee05	15.69	31.16	0	35.45008	True
1	428.51	Bee07	30.18	36.58	0	0	False
1	429.92	Bee02	13.91	29.06	0	6.47636	True
1	432.98	Bee04	34.01	19.70	0	47.29083	True
1	435.17	Bee18	31.81	26.63	0	58.60546	True
1	435.17	Bee07	30.88	26.93	0	58.95913	True
1	436.28	Bee00	14.81	30.00	0	28.42105	True
1	436.28	Bee00	14.81	30.00	0	28.42105	True
1	436.28	Bee00	14.81	30.00	0	28.42105	True
1	438.42	Bee02	13.99	29.25	0	8.674081	True
1	449.27	Bee02	14.27	29.09	0	24.20048	True
1	456.81	Bee19	15.88	30.50	0	47.29083	True
1	457.93	Bee17	15.85	29.42	0	51.71385	True
1	465.68	Bee05	15.87	31.22	0	40.16529	True
1	466.69	Bee00	14.91	29.85	0	33.8676	True
1	466.69	Bee00	14.91	29.85	0	33.8676	True
1	466.69	Bee00	14.91	29.85	0	33.8676	True
1	467.00	Bee03	16.41	30.46	0	51.53021	True
1	468.49	Bee08	1.54	6.90	0	0	False
1	472.64	Bee14	48.46	10.54	0	0	False
1	473.86	Bee16	15.70	30.12	0	47.61354	True
1	473.86	Bee16	15.70	30.12	0	47.61354	True
1	473.86	Bee16	15.70	30.12	0	47.61354	True
1	473.86	Bee16	15.70	30.12	0	47.61354	True
1	475.48	Bee02	14.36	29.27	0	25.29786	True
1	475.48	Bee02	14.36	29.27	0	25.29786	True
1	477.07	Bee09	49.60	9.68	0	0	False
1	477.07	Bee09	49.60	9.68	0	0	False
1	490.69	Bee13	32.94	25.87	0	57.87423	True
1	495.68	Bee18	31.73	26.44	0	58.68193	True
1	495.68	Bee18	31.73	26.44	0	58.68193	True
2	2.87	Bee04	15.34	44.43	0	0	False
2	3.72	Bee04	15.16	44.46	0	0	False
2	6.05	Bee14	28.13	21.92	0	59.39757	True
2	6.05	Bee12	27.96	22.90	0	59.49722	True
2	6.05	Bee12	27.96	22.90	0	59.49722	True
2	8.85	Bee07	37.60	31.45	0	0	False
2	10.18	Bee15	4.83	13.82	0	0	False
2	10.36	Bee05	5.67	12.93	0	0	False
2	13.85	Bee05	3.43	14.98	0	0	False
2	16.37	Bee06	26.38	4.35	0	0	False
2	16.53	Bee01	26.60	3.55	0	0	False
2	16.53	Bee01	26.60	3.55	0	0	False
2	16.91	Bee06	26.22	4.05	0	0	False
2	16.91	Bee06	26.22	4.05	0	0	False
2	17.89	Bee01	26.36	3.57	0	0	False
2	17.89	Bee01	26.36	3.57	0	0	False
2	18.05	Bee04	3.71	21.73	0	0	False
2	18.26	Bee05	2.72	21.75	0	0	False
2	19.24	Bee06	26.65	3.86	0	0	False
2	19.24	Bee06	26.65	3.86	0	0	False
2	19.84	Bee00	48.31	44.51	0	0	False
2	21.50	Bee00	48.44	44.70	0	0	False
2	22.02	Bee00	48.65	44.89	0	0	False
2	22.35	Bee06	25.96	1.38	0	0	False
2	22.76	Bee00	48.73	45.08	0	0	False
2	23.24	Bee11	49.39	44.86	0	0	False
2	23.24	Bee11	49.39	44.86	0	0	False
2	31.85	Bee17	13.09	31.84	0	0	False
2	31.85	Bee05	12.15	31.91	0	0	False
2	32.96	Bee05	12.36	31.91	0	0	False
2	34.09	Bee06	32.38	14.98	0	0	False
2	36.05	Bee10	29.10	23.08	0	59.37411	True
2	38.12	Bee19	12.30	38.91	0	0	False
2	38.12	Bee05	13.44	38.64	0	0	False
2	39.39	Bee11	27.58	24.07	0	59.58949	True
2	39.62	Bee05	13.28	38.77	0	0	False
2	40.07	Bee06	24.91	16.68	0	57.57242	True
2	41.30	Bee03	41.89	28.64	0	0	False
2	41.47	Bee00	41.06	29.21	0	0	False
2	42.01	Bee03	41.85	28.82	0	0	False
2	42.01	Bee00	41.05	29.03	0	0	False
2	42.32	Bee08	27.15	21.02	0	59.38208	True
2	49.83	Bee00	34.22	16.51	0	0	False
2	50.70	Bee07	23.84	17.24	0	58.03819	True
2	55.57	Bee00	28.07	20.58	0	59.2056	True
2	60.62	Bee18	29.32	17.58	0	57.12658	True
2	62.03	Bee19	22.94	18.08	0	58.55076	True
2	62.49	Bee17	13.20	13.67	0	0	False
2	62.49	Bee02	12.35	13.55	0	0	False
2	63.20	Bee17	13.07	13.89	0	0	False
2	63.79	Bee02	12.49	13.42	0	0	False
2	67.37	Bee05	48.52	27.53	0	0	False
2	67.52	Bee14	27.88	22.11	0	59.4407	True
2	67.52	Bee14	27.88	22.11	0	59.4407	True
2	67.73	Bee12	27.56	23.06	0	59.5456	True
2	69.07	Bee05	48.67	27.64	0	0	False
2	71.30	Bee05	48.81	27.41	0	0	False
2	71.77	Bee05	48.93	27.27	0	0	False
2	72.49	Bee09	25.93	16.07	0	56.49717	True
2	86.64	Bee05	30.45	18.17	0	56.92245	True
2	93.87	Bee15	31.61	18.06	0	54.44496	True
2	97.56	Bee10	28.68	23.25	0	59.43728	True
2	97.56	Bee10	28.68	23.25	0	59.43728	True
2	99.67	Bee06	24.95	16.87	0	57.79768	True
2	104.66	Bee02	46.56	34.30	0	0	False
2	110.71	Bee07	23.92	17.39	0	58.2228	True
2	110.71	Bee07	23.92	17.39	0	58.2228	True
2	115.71	Bee04	13.37	17.22	0	0	False
2	117.02	Bee00	28.42	21.02	0	59.23898	True
2	119.67	Bee18	29.40	17.74	0	57.20267	True
2	122.81	Bee04	25.29	14.89	0	51.71385	True
2	128.89	Bee14	28.00	22.26	0	59.45076	True
2	128.89	Bee14	28.00	22.26	0	59.45076	True
2	129.39	Bee12	27.67	23.26	0	59.55055	True
2	129.39	Bee12	27.67	23.26	0	59.55055	True
2	132.20	Bee09	28.23	17.10	0	57.20267	True
2	143.72	Bee02	1.20	40.41	0	0	False
2	144.00	Bee03	32.47	17.10	0	38.93998	True
2	144.99	Bee02	1.01	40.53	0	0	False
2	145.57	Bee05	30.38	18.35	0	57.04739	True
2	147.51	Bee02	0.72	40.75	0	0	False
2	148.26	Bee02	0.76	40.96	0	0	False
2	150.41	Bee15	31.53	18.25	0	55.26216	True
2	154.08	Bee17	26.47	15.32	0	53.40659	True
2	159.40	Bee06	24.74	16.92	0	57.79768	True
2	159.40	Bee06	24.74	16.92	0	57.79768	True
2	167.60	Bee10	35.78	39.10	0	0	False
2	170.41	Bee08	27.13	20.82	0	59.34927	True
2	176.50	Bee04	25.32	15.08	0	52.99802	True
2	178.33	Bee00	28.25	21.13	0	59.28031	True
2	178.33	Bee00	28.25	21.13	0	59.28031	True
2	179.04	Bee18	29.01	17.93	0	57.68911	True
2	184.29	Bee13	25.00	13.88	0	34.67286	True
2	189.76	Bee16	29.00	23.24	0	59.39375	True
2	190.32	Bee14	27.83	22.38	0	59.47937	True
2	191.40	Bee09	28.14	17.28	0	57.54189	True
2	192.86	Bee19	31.14	19.51	0	57.6024	True
2	198.52	Bee11	24.04	14.52	0	47.29083	True
2	204.67	Bee05	30.22	18.27	0	57.2396	True
2	207.70	Bee15	31.37	18.17	0	55.26216	True
2	210.09	Bee17	27.23	16.51	0	56.78955	True
2	214.63	Bee03	25.89	21.20	0	59.4732	True
2	220.68	Bee06	25.66	20.04	0	59.29012	True
2	220.96	Bee13	24.95	14.16	0	42.85714	True
2	220.96	Bee13	24.95	14.16	0	42.85714	True
2	220.96	Bee13	24.95	14.16	0	42.85714	True
2	231.50	Bee04	25.12	15.11	0	52.99802	True
2	231.50	Bee04	25.12	15.11	0	52.99802	True
2	231.76	Bee08	27.25	21.00	0	59.37411	True
2	238.73	Bee18	29.10	18.09	0	57.82364	True
2	239.67	Bee00	28.44	21.42	0	59.29973	True
2	250.94	Bee09	28.32	17.37	0	57.54189	True
2	250.94	Bee09	28.32	17.37	0	57.54189	True
2	251.97	Bee14	28.23	22.93	0	59.4763	True
2	253.73	Bee19	29.60	21.69	0	59.13196	True
2	258.19	Bee16	19.80	33.91	0	50.51983	True
2	262.30	Bee11	6.05	37.48	0	0	False
2	262.30	Bee02	5.20	38.17	0	0	False
2	263.26	Bee02	5.23	37.96	0	0	False
2	263.89	Bee05	30.13	18.45	0	57.44681	True
2	265.04	Bee15	31.28	18.38	0	55.91531	True
2	265.83	Bee13	25.13	14.19	0	42.85714	True
2	269.60	Bee01	21.04	33.83	0	54.44496	True
2	280.11	Bee07	28.59	16.28	0	55.09644	True
2	289.34	Bee04	25.95	20.92	0	59.43383	True
2	293.23	Bee08	27.03	21.13	0	59.40135	True
2	298.57	Bee18	28.92	18.17	0	58.01594	True
2	300.98	Bee00	28.26	21.54	0	59.32742	True
2	310.49	Bee09	28.22	17.56	0	57.79768	True
2	312.66	Bee17	18.41	44.45	0	0	False
2	314.84	Bee19	29.44	21.58	0	59.1576	True
2	316.46	Bee14	22.95	26.31	0	59.62917	True
2	316.46	Bee13	22.31	25.46	0	59.6081	True
2	323.00	Bee15	31.08	18.30	0	56.1039	True
2	323.44	Bee05	29.91	18.31	0	57.51079	True
2	324.08	Bee16	1.42	14.33	0	0	False
2	326.16	Bee17	31.06	25.21	0	58.99268	True
2	326.16	Bee11	31.98	25.92	0	58.56473	True
2	337.21	Bee07	28.80	16.43	0	55.18034	True
2	352.69	Bee02	29.81	24.70	0	59.31837	True
2	354.06	Bee06	32.06	24.57	0	58.53659	True
2	354.06	Bee06	32.06	24.57	0	58.53659	True
2	354.61	Bee08	27.15	21.31	0	59.42331	True
2	358.60	Bee18	29.00	18.33	0	58.06007	True
2	358.60	Bee18	29.00	18.33	0	58.06007	True
2	361.19	Bee01	48.77	19.57	0	0	False
2	362.31	Bee00	28.38	21.71	0	59.34066	True
2	363.54	Bee16	21.41	24.95	0	59.525	True
2	363.54	Bee16	21.41	24.95	0	59.525	True
2	370.42	Bee09	28.46	17.66	0	57.77126	True
2	373.30	Bee12	27.25	18.22	0	58.55076	True
2	376.01	Bee19	29.33	21.74	0	59.19399	True
2	376.01	Bee19	29.33	21.74	0	59.19399	True
2	378.18	Bee14	22.82	26.10	0	59.62917	True
2	378.18	Bee13	22.54	25.51	0	59.6236	True
2	381.14	Bee15	30.99	18.50	0	56.59883	True
2	382.98	Bee05	29.81	18.50	0	57.77126	True
2	386.75	Bee11	31.84	25.77	0	58.68193	True
2	386.75	Bee11	31.84	25.77	0	58.68193	True
2	387.18	Bee17	30.85	25.09	0	59.05512	True
2	394.34	Bee07	28.68	16.59	0	55.84948	True
2	400.56	Bee04	22.79	24.21	0	59.6382	True
2	401.90	Bee03	22.53	27.35	0	59.53804	True
2	417.13	Bee06	31.92	19.42	0	56.44466	True
2	418.07	Bee08	23.53	23.26	0	59.64171	True
2	418.65	Bee18	28.83	18.41	0	58.2228	True
2	425.07	Bee16	21.55	24.84	0	59.53547	True
2	425.82	Bee00	24.55	24.19	0	59.7226	True
2	430.24	Bee09	28.37	17.83	0	57.89886	True
2	430.24	Bee09	28.37	17.83	0	57.89886	True
2	430.24	Bee09	28.37	17.83	0	57.89886	True
2	439.77	Bee15	30.80	18.41	0	56.69622	True
2	439.93	Bee13	22.60	25.20	0	59.63463	True
2	439.93	Bee13	22.60	25.20	0	59.63463	True
2	440.47	Bee14	24.07	25.44	0	59.72141	True
2	442.76	Bee05	29.65	18.40	0	57.74436	True
2	447.47	Bee11	31.70	25.91	0	58.71784	True
2	448.24	Bee17	30.75	25.27	0	59.08419	True
2	452.23	Bee07	28.84	16.70	0	55.97963	True
2	462.26	Bee04	23.10	24.27	0	59.66178	True
2	465.14	Bee12	26.32	29.38	0	59.37411	True
2	465.14	Bee03	25.75	28.60	0	59.50296	True
2	466.85	Bee10	31.92	20.63	0	57.6024	True
2	475.71	Bee06	31.30	19.44	0	57.31135	True
2	475.85	Bee19	22.42	22.49	0	59.52233	True
2	478.82	Bee18	28.90	18.56	0	58.31442	True
2	479.68	Bee08	23.62	23.41	0	59.65196	True
2	479.68	Bee08	23.62	23.41	0	59.65196	True
2	486.58	Bee16	21.67	25.00	0	59.55781	True
2	487.65	Bee00	24.76	24.50	0	59.73963	True
2	489.33	Bee09	28.48	18.07	0	58.12359	True
2	489.33	Bee09	28.48	18.07	0	58.12359	True
2	498.39	Bee15	30.72	18.57	0	57.08738	True
2	498.39	Bee15	30.72	18.57	0	57.08738	True
2	498.39	Bee15	30.72	18.57	0	57.08738	True
3	1.72	Bee14	23.22	14.27	0	42.35813	True
3	17.92	Bee02	46.62	28.97	0	0	False
3	19.77	Bee05	6.44	49.40	0	0	False
3	20.59	Bee05	6.66	49.31	0	0	False
3	20.88	Bee17	3.38	6.49	0	0	False
3	29.88	Bee07	4.26	34.11	0	0	False
3	29.88	Bee05	3.38	34.66	0	0	False
3	30.21	Bee01	21.49	30.13	0	59.0168	True
3	31.00	Bee05	3.49	34.46	0	0	False
3	39.01	Bee18	19.81	31.43	0	57.71698	True
3	52.78	Bee10	27.25	25.42	0	59.62547	True
3	57.81	Bee11	4.94	17.46	0	0	False
3	72.69	Bee06	21.78	31.46	0	58.53659	True
3	76.88	Bee15	4.58	10.21	0	0	False
3	77.04	Bee00	3.60	9.75	0	0	False
3	77.25	Bee07	37.92	1.85	0	0	False
3	77.25	Bee05	37.29	1.27	0	0	False
3	77.84	Bee00	3.60	9.95	0	0	False
3	78.10	Bee15	4.40	10.07	0	0	False
3	78.10	Bee15	4.40	10.07	0	0	False
3	78.10	Bee09	18.94	30.52	0	57.77126	True
3	78.64	Bee07	37.95	1.67	0	0	False
3	78.64	Bee07	37.95	1.67	0	0	False
3	79.29	Bee15	4.36	9.84	0	0	False
3	79.59	Bee00	3.88	10.03	0	0	False
3	79.59	Bee00	3.88	10.03	0	0	False
3	79.59	Bee00	3.88	10.03	0	0	False
3	80.43	Bee00	4.06	10.19	0	0	False
3	80.43	Bee00	4.06	10.19	0	0	False
3	80.62	Bee07	37.60	1.56	0	0	False
3	81.01	Bee00	4.26	10.29	0	0	False
3	81.20	Bee12	28.23	25.94	0	59.53289	True
3	81.50	Bee15	4.11	9.91	0	0	False
3	81.50	Bee15	4.11	9.91	0	0	False
3	81.50	Bee02	5.41	11.05	0	0	False
3	81.83	Bee00	4.48	10.30	0	0	False
3	82.35	Bee00	4.68	10.26	0	0	False
3	82.51	Bee02	5.53	10.73	0	0	False
3	86.23	Bee16	43.14	6.33	0	0	False
3	86.23	Bee05	43.25	5.29	0	0	False
3	87.56	Bee16	43.17	6.12	0	0	False
3	88.02	Bee05	43.16	5.49	0	0	False
3	88.02	Bee05	43.16	5.49	0	0	False
3	88.55	Bee00	3.83	1.62	0	0	False
3	89.02	Bee16	43.02	6.00	0	0	False
3	89.02	Bee16	43.02	6.00	0	0	False
3	89.33	Bee00	3.91	1.40	0	0	False
3	89.33	Bee00	3.91	1.40	0	0	False
3	89.62	Bee05	43.47	5.99	0	0	False
3	90.48	Bee00	4.10	1.31	0	0	False
3	91.03	Bee16	43.20	5.67	0	0	False
3	91.03	Bee16	43.20	5.67	0	0	False
3	91.56	Bee17	3.73	0.61	0	0	False
3	91.56	Bee17	3.73	0.61	0	0	False
3	91.56	Bee05	43.65	5.90	0	0	False
3	92.33	Bee00	4.03	1.09	0	0	False
3	92.33	Bee00	4.03	1.09	0	0	False
3	92.76	Bee05	43.72	5.71	0	0	False
3	92.76	Bee05	43.72	5.71	0	0	False
3	93.55	Bee17	3.98	0.64	0	0	False
3	93.55	Bee17	3.98	0.64	0	0	False
3	94.11	Bee17	4.20	0.71	0	0	False
3	94.11	Bee17	4.20	0.71	0	0	False
3	97.73	Bee05	38.14	3.72	0	0	False
3	98.52	Bee13	19.95	32.46	0	56.3361	True
3	98.92	Bee07	18.85	29.14	0	58.44704	True
3	99.14	Bee18	20.52	31.10	0	58.3319	True
3	101.20	Bee11	41.29	2.00	0	0	False
3	101.89	Bee11	41.22	1.79	0	0	False
3	102.49	Bee04	41.88	1.15	0	0	False
3	103.30	Bee04	41.97	1.41	0	0	False
3	115.73	Bee02	9.46	1.67	0	0	False
3	116.52	Bee02	9.56	1.31	0	0	False
3	116.52	Bee02	9.56	1.31	0	0	False
3	117.91	Bee03	25.79	4.40	0	0	False
3	118.51	Bee02	9.27	1.14	0	0	False
3	118.83	Bee11	10.52	1.47	0	0	False
3	120.56	Bee11	10.45	1.68	0	0	False
3	122.08	Bee04	22.87	30.92	0	58.97611	True
3	125.33	Bee08	9.43	6.87	0	0	False
3	125.47	Bee16	9.43	5.73	0	0	False
3	125.99	Bee14	17.64	29.50	0	57.20267	True
3	126.86	Bee16	8.58	5.24	0	0	False
3	127.04	Bee15	7.97	4.52	0	0	False
3	127.04	Bee15	7.97	4.52	0	0	False
3	127.42	Bee16	8.30	5.14	0	0	False
3	128.17	Bee15	7.71	4.68	0	0	False
3	129.18	Bee16	8.13	5.37	0	0	False
3	133.24	Bee06	21.96	31.30	0	58.68193	True
3	133.24	Bee06	21.96	31.30	0	58.68193	True
3	134.95	Bee15	1.63	8.70	0	0	False
3	137.88	Bee09	19.08	30.37	0	57.99331	True
3	139.56	Bee05	15.06	28.30	0	49.58514	True
3	140.44	Bee02	17.09	28.44	0	57.27582	True
3	142.84	Bee17	44.55	46.95	0	0	False
3	142.84	Bee01	45.27	47.70	0	0	False
3	143.81	Bee10	15.20	26.99	0	52.99802	True
3	144.61	Bee01	45.06	47.71	0	0	False
3	154.58	Bee11	17.45	48.38	0	0	False
3	154.75	Bee12	17.42	47.59	0	0	False
3	154.75	Bee12	17.42	47.59	0	0	False
3	156.25	Bee11	17.83	48.29	0	0	False
3	156.64	Bee12	17.69	47.85	0	0	False
3	156.64	Bee12	17.69	47.85	0	0	False
3	156.64	Bee12	17.69	47.85	0	0	False
3	157.92	Bee12	17.70	48.06	0	0	False
3	158.28	Bee13	22.16	34.05	0	55.26216	True
3	158.28	Bee01	22.98	34.49	0	54.12686	True
3	159.47	Bee18	20.38	30.83	0	58.44704	True
3	159.47	Bee07	19.10	29.30	0	58.52221	True
3	159.47	Bee07	19.10	29.30	0	58.52221	True
3	160.29	Bee12	18.80	48.21	0	0	False
3	161.92	Bee11	18.76	49.51	0	0	False
3	168.64	Bee12	22.64	35.64	0	41.84019	True
3	183.06	Bee04	22.73	30.81	0	58.99268	True
3	185.26	Bee14	17.65	29.27	0	57.4791	True
3	194.11	Bee06	21.64	30.98	0	58.72949	True
3	197.78	Bee09	19.22	30.50	0	57.99331	True
3	199.42	Bee00	23.15	29.84	0	59.27533	True
3	199.56	Bee10	16.89	27.16	0	57.57242	True
3	199.81	Bee02	17.22	28.29	0	57.4791	True
3	212.86	Bee16	38.05	22.68	0	0	False
3	212.86	Bee11	37.37	21.98	0	0	False
3	213.56	Bee16	37.88	22.63	0	0	False
3	215.27	Bee16	37.87	22.36	0	0	False
3	215.27	Bee16	37.87	22.36	0	0	False
3	216.61	Bee19	14.06	34.60	0	0	False
3	216.76	Bee13	23.52	31.80	0	58.68193	True
3	219.91	Bee18	20.56	30.74	0	58.56473	True
3	233.46	Bee03	15.84	26.47	0	55.84948	True
3	243.97	Bee04	22.85	30.65	0	59.06252	True
3	243.97	Bee04	22.85	30.65	0	59.06252	True
3	245.21	Bee14	18.83	29.33	0	58.36606	True
3	252.77	Bee08	24.82	31.52	0	58.87727	True
3	254.81	Bee06	21.77	30.85	0	58.84784	True
3	257.20	Bee19	10.70	33.30	0	0	False
3	257.87	Bee09	19.37	30.31	0	58.24171	True
3	257.87	Bee09	19.37	30.31	0	58.24171	True
3	259.24	Bee10	16.90	26.86	0	57.66073	True
3	259.64	Bee02	17.82	28.84	0	57.84916	True
3	267.52	Bee15	48.80	29.53	0	0	False
3	267.52	Bee12	48.99	28.62	0	0	False
3	268.89	Bee15	49.01	29.48	0	0	False
3	269.18	Bee12	48.73	28.70	0	0	False
3	271.62	Bee15	48.91	29.12	0	0	False
3	276.73	Bee05	15.50	22.37	0	53.89996	True
3	276.88	Bee17	17.42	25.65	0	58.3319	True
3	276.88	Bee11	14.71	23.20	0	49.33144	True
3	277.44	Bee13	23.35	31.71	0	58.70603	True
3	280.53	Bee18	20.46	30.56	0	58.5785	True
3	284.64	Bee16	23.62	32.89	0	57.89886	True
3	291.68	Bee03	16.09	25.56	0	56.74338	True
3	294.21	Bee19	2.17	29.43	0	0	False
3	295.33	Bee19	1.73	30.32	0	0	False
3	298.41	Bee15	1.04	8.09	0	0	False
3	302.07	Bee00	1.39	4.76	0	0	False
3	305.06	Bee04	22.68	30.54	0	59.07705	True
3	305.62	Bee14	18.82	29.12	0	58.44704	True
3	311.27	Bee07	13.53	23.32	0	17.14286	True
3	313.74	Bee08	24.56	31.50	0	58.87727	True
3	313.89	Bee00	12.99	22.33	0	0	False
3	315.73	Bee06	21.61	30.71	0	58.84784	True
3	317.53	Bee01	14.96	19.56	0	28.42105	True
3	318.13	Bee09	19.56	30.46	0	58.24171	True
3	318.92	Bee10	17.08	26.87	0	57.87423	True
3	319.52	Bee02	17.95	28.67	0	58.0816	True
3	328.26	Bee11	14.83	23.02	0	50.06787	True
3	328.26	Bee11	14.83	23.02	0	50.06787	True
3	328.44	Bee12	48.04	46.68	0	0	False
3	329.36	Bee12	48.24	46.63	0	0	False
3	330.45	Bee12	48.37	46.43	0	0	False
3	330.45	Bee07	13.63	23.54	0	23.07692	True
3	331.36	Bee12	48.60	46.32	0	0	False
3	332.02	Bee19	49.00	45.93	0	0	False
3	332.02	Bee19	49.00	45.93	0	0	False
3	332.02	Bee19	49.00	45.93	0	0	False
3	332.76	Bee05	15.65	22.56	0	54.54546	True
3	338.15	Bee13	23.47	31.51	0	58.81725	True
3	338.15	Bee13	23.47	31.51	0	58.81725	True
3	338.15	Bee13	23.47	31.51	0	58.81725	True
3	341.07	Bee18	20.62	30.48	0	58.65715	True
3	344.59	Bee16	23.42	32.84	0	57.9703	True
3	350.54	Bee03	16.58	25.73	0	57.54189	True
3	355.73	Bee07	14.00	23.30	0	36.92308	True
3	355.73	Bee07	14.00	23.30	0	36.92308	True
3	361.04	Bee01	39.50	9.63	0	0	False
3	361.04	Bee01	39.50	9.63	0	0	False
3	361.04	Bee00	40.10	9.16	0	0	False
3	362.38	Bee01	39.71	9.73	0	0	False
3	362.91	Bee00	40.26	9.34	0	0	False
3	364.37	Bee00	40.20	9.52	0	0	False
3	364.37	Bee00	40.20	9.52	0	0	False
3	364.37	Bee00	40.20	9.52	0	0	False
3	364.72	Bee01	39.99	9.08	0	0	False
3	366.35	Bee14	19.39	29.14	0	58.71784	True
3	366.35	Bee01	40.24	9.09	0	0	False
3	366.35	Bee01	40.24	9.09	0	0	False
3	366.70	Bee00	40.45	9.56	0	0	False
3	367.35	Bee01	40.43	8.97	0	0	False
3	368.56	Bee00	40.51	9.37	0	0	False
3	368.56	Bee00	40.51	9.37	0	0	False
3	368.56	Bee00	40.51	9.37	0	0	False
3	368.56	Bee00	40.51	9.37	0	0	False
3	368.81	Bee01	40.88	9.15	0	0	False
3	369.11	Bee15	13.10	24.09	0	2.802669	True
3	370.38	Bee19	12.08	25.01	0	0	False
3	371.41	Bee19	12.12	24.75	0	0	False
3	373.54	Bee19	12.32	24.79	0	0	False
3	374.05	Bee15	13.19	24.30	0	7.552447	True
3	374.44	Bee19	12.52	24.71	0	0	False
3	375.72	Bee19	12.57	24.52	0	0	False
3	375.72	Bee19	12.57	24.52	0	0	False
3	377.94	Bee19	12.81	24.60	0	0	False
3	377.94	Bee19	12.81	24.60	0	0	False
3	378.48	Bee09	19.72	30.22	0	58.44704	True
3	378.48	Bee09	19.72	30.22	0	58.44704	True
3	378.82	Bee10	17.09	26.62	0	57.94689	True
3	379.67	Bee02	18.16	28.84	0	58.18407	True
3	380.38	Bee19	12.96	24.02	0	0.2390438	True
3	380.38	Bee11	15.06	23.18	0	52.70517	True
3	382.65	Bee19	13.17	24.10	0	6.47636	True
3	383.58	Bee15	13.34	24.23	0	12.2293	True
3	391.24	Bee19	13.27	23.73	0	9.832776	True
3	394.68	Bee07	14.13	23.53	0	40.74454	True
3	394.68	Bee07	14.13	23.53	0	40.74454	True
3	395.21	Bee06	48.83	4.97	0	0	False
3	399.88	Bee13	21.86	30.74	0	58.90559	True
3	401.69	Bee18	20.53	30.30	0	58.70603	True
3	401.69	Bee18	20.53	30.30	0	58.70603	True
3	403.20	Bee19	13.51	23.82	0	19.56873	True
3	403.20	Bee19	13.51	23.82	0	19.56873	True
3	405.58	Bee17	18.11	39.65	0	0	False
3	405.74	Bee15	19.22	39.10	0	0	False
3	405.91	Bee05	41.58	1.36	0	0	False
3	407.15	Bee17	18.36	39.74	0	0	False
3	407.33	Bee15	18.98	39.39	0	0	False
3	407.33	Bee15	18.98	39.39	0	0	False
3	408.16	Bee17	18.53	39.98	0	0	False
3	409.57	Bee15	19.13	39.50	0	0	False
3	410.17	Bee17	18.77	39.83	0	0	False
3	410.17	Bee17	18.77	39.83	0	0	False
3	410.17	Bee17	18.77	39.83	0	0	False
3	410.64	Bee15	19.17	39.72	0	0	False
3	410.64	Bee15	19.17	39.72	0	0	False
3	420.96	Bee17	35.77	48.03	0	0	False
3	420.96	Bee06	36.82	48.21	0	0	False
3	422.33	Bee17	35.81	48.26	0	0	False
3	423.63	Bee06	36.46	49.15	0	0	False
3	423.63	Bee06	36.46	49.15	0	0	False
3	424.39	Bee17	36.15	48.22	0	0	False
3	424.93	Bee19	13.57	23.55	0	23.07692	True
3	424.93	Bee19	13.57	23.55	0	23.07692	True
3	426.12	Bee08	20.54	28.66	0	59.12537	True
3	427.29	Bee14	19.39	28.68	0	58.82758	True
3	439.01	Bee09	19.88	30.35	0	58.43133	True
3	439.01	Bee09	19.88	30.35	0	58.43133	True
3	439.22	Bee12	21.51	18.32	0	58.3319	True
3	439.22	Bee03	20.60	18.32	0	57.94689	True
3	439.88	Bee02	18.28	28.67	0	58.29667	True
3	441.26	Bee07	20.85	19.53	0	58.75231	True
3	462.38	Bee00	17.52	29.27	0	57.20267	True
3	467.46	Bee06	28.84	0.62	0	0	False
3	468.23	Bee11	29.69	0.43	0	0	False
3	469.46	Bee06	29.06	0.49	0	0	False
3	469.46	Bee06	29.06	0.49	0	0	False
3	477.96	Bee13	40.48	1.85	0	0	False
3	478.94	Bee13	40.47	1.66	0	0	False
3	480.30	Bee13	40.64	1.53	0	0	False
3	480.96	Bee13	40.75	1.35	0	0	False
3	481.92	Bee01	16.71	28.16	0	56.78955	True
3	482.23	Bee13	40.67	1.05	0	0	False
3	482.23	Bee13	40.67	1.05	0	0	False
3	482.98	Bee13	40.70	0.84	0	0	False
3	482.98	Bee13	40.70	0.84	0	0	False
3	482.98	Bee13	40.70	0.84	0	0	False
3	484.16	Bee13	40.58	0.65	0	0	False
3	484.56	Bee15	40.01	0.68	0	0	False
3	484.93	Bee13	40.42	0.56	0	0	False
3	486.46	Bee16	18.91	31.28	0	57.00658	True
3	495.93	Bee11	34.04	28.61	0	53.66019	True
3	499.09	Bee03	20.79	18.35	0	58.12359	True
3	499.09	Bee03	20.79	18.35	0	58.12359	True
3	499.09	Bee03	20.79	18.35	0	58.12359	True
3	499.54	Bee12	21.38	18.49	0	58.41538	True
3	499.54	Bee12	21.38	18.49	0	58.41538	True
3	499.54	Bee12	21.38	18.49	0	58.41538	True
4	2.92	Bee18	35.67	8.12	0	0	False
4	3.07	Bee19	35.73	9.17	0	0	False
4	3.51	Bee09	36.78	7.39	0	0	False
4	4.23	Bee18	35.82	8.36	0	0	False
4	4.83	Bee09	36.59	7.47	0	0	False
4	5.47	Bee09	36.34	7.65	0	0	False
4	5.47	Bee09	36.34	7.65	0	0	False
4	6.43	Bee18	36.00	8.21	0	0	False
4	6.43	Bee18	36.00	8.21	0	0	False
4	7.71	Bee18	36.00	8.01	0	0	False
4	15.28	Bee18	24.93	8.67	0	0	False
4	16.07	Bee18	24.71	8.59	0	0	False
4	16.74	Bee18	24.46	8.55	0	0	False
4	24.48	Bee14	5.03	42.42	0	0	False
4	24.48	Bee13	4.90	41.39	0	0	False
4	24.90	Bee15	6.20	41.21	0	0	False
4	25.31	Bee13	5.11	41.46	0	0	False
4	25.31	Bee13	5.11	41.46	0	0	False
4	25.49	Bee15	5.88	41.35	0	0	False
4	25.49	Bee15	5.88	41.35	0	0	False
4	25.92	Bee14	4.98	42.20	0	0	False
4	25.92	Bee14	4.98	42.20	0	0	False
4	26.49	Bee15	5.65	41.32	0	0	False
4	26.49	Bee15	5.65	41.32	0	0	False
4	26.49	Bee15	5.65	41.32	0	0	False
4	27.02	Bee19	1.80	38.70	0	0	False
4	27.35	Bee04	3.99	12.34	0	0	False
4	27.55	Bee15	5.27	41.48	0	0	False
4	27.74	Bee19	1.46	38.84	0	0	False
4	27.91	Bee14	5.30	42.08	0	0	False
4	27.91	Bee14	5.30	42.08	0	0	False
4	28.55	Bee04	3.84	12.53	0	0	False
4	28.55	Bee04	3.84	12.53	0	0	False
4	28.88	Bee19	1.22	38.76	0	0	False
4	28.88	Bee19	1.22	38.76	0	0	False
4	29.31	Bee14	5.35	41.88	0	0	False
4	29.62	Bee19	1.02	38.59	0	0	False
4	29.88	Bee04	3.89	12.75	0	0	False
4	30.78	Bee15	1.66	39.63	0	0	False
4	30.78	Bee15	1.66	39.63	0	0	False
4	31.52	Bee19	0.84	38.75	0	0	False
4	32.58	Bee15	1.70	39.43	0	0	False
4	33.29	Bee07	1.48	31.96	0	0	False
4	33.46	Bee15	1.61	39.12	0	0	False
4	33.46	Bee15	1.61	39.12	0	0	False
4	34.21	Bee07	1.58	31.71	0	0	False
4	35.00	Bee17	0.41	39.28	0	0	False
4	35.00	Bee17	0.41	39.28	0	0	False
4	35.62	Bee17	0.41	39.04	0	0	False
4	35.62	Bee17	0.41	39.04	0	0	False
4	35.62	Bee17	0.41	39.04	0	0	False
4	36.32	Bee13	21.79	31.05	0	58.77454	True
4	36.32	Bee08	22.22	30.05	0	59.14492	True
4	37.97	Bee10	48.30	36.99	0	0	False
4	39.73	Bee10	48.44	37.18	0	0	False
4	41.82	Bee10	48.59	37.05	0	0	False
4	43.74	Bee15	16.46	30.62	0	51.71385	True
4	53.63	Bee04	47.69	10.16	0	0	False
4	53.63	Bee01	48.65	10.22	0	0	False
4	55.00	Bee04	48.05	10.46	0	0	False
4	55.00	Bee04	48.05	10.46	0	0	False
4	56.29	Bee04	48.11	10.87	0	0	False
4	56.89	Bee18	29.32	31.66	0	57.89886	True
4	56.89	Bee02	30.13	31.21	0	57.82364	True
4	57.60	Bee03	17.44	30.25	0	56.1039	True
4	74.08	Bee06	30.88	30.39	0	57.84916	True
4	74.81	Bee17	17.60	21.13	0	57.6024	True
4	74.81	Bee14	18.21	20.27	0	57.71698	True
4	75.26	Bee16	9.84	8.29	0	0	False
4	75.26	Bee11	10.54	7.63	0	0	False
4	75.75	Bee11	10.47	7.81	0	0	False
4	76.24	Bee11	10.44	8.03	0	0	False
4	76.24	Bee11	10.44	8.03	0	0	False
4	77.04	Bee16	9.99	8.15	0	0	False
4	77.04	Bee16	9.99	8.15	0	0	False
4	77.04	Bee16	9.99	8.15	0	0	False
4	79.43	Bee11	12.73	8.16	0	0	False
4	79.43	Bee11	12.73	8.16	0	0	False
4	84.88	Bee05	14.23	42.98	0	0	False
4	91.12	Bee09	20.74	31.62	0	58.0816	True
4	97.08	Bee13	21.67	30.87	0	58.78542	True
4	97.08	Bee13	21.67	30.87	0	58.78542	True
4	114.66	Bee12	18.05	19.20	0	56.54855	True
4	116.74	Bee02	30.19	31.02	0	57.89886	True
4	117.88	Bee10	4.66	7.47	0	0	False
4	118.04	Bee15	3.87	7.66	0	0	False
4	118.04	Bee15	3.87	7.66	0	0	False
4	118.38	Bee10	4.44	7.62	0	0	False
4	118.38	Bee10	4.44	7.62	0	0	False
4	119.08	Bee18	24.75	29.91	0	59.32292	True
4	119.08	Bee03	24.32	28.84	0	59.48542	True
4	119.84	Bee15	3.95	7.49	0	0	False
4	119.84	Bee15	3.95	7.49	0	0	False
4	120.56	Bee19	23.44	29.98	0	59.25488	True
4	133.99	Bee06	30.64	30.29	0	58.12359	True
4	134.45	Bee01	21.18	32.73	0	57.2396	True
4	134.60	Bee14	18.05	20.53	0	57.74436	True
4	134.60	Bee14	18.05	20.53	0	57.74436	True
4	138.85	Bee17	24.03	27.50	0	59.60609	True
4	151.17	Bee09	20.95	31.72	0	58.14408	True
4	151.17	Bee09	20.95	31.72	0	58.14408	True
4	154.98	Bee05	16.58	2.79	0	0	False
4	154.98	Bee04	16.69	1.68	0	0	False
4	156.27	Bee04	16.53	1.84	0	0	False
4	157.05	Bee00	17.89	1.49	0	0	False
4	157.26	Bee05	16.34	2.44	0	0	False
4	157.26	Bee05	16.34	2.44	0	0	False
4	158.07	Bee13	22.22	30.51	0	59.0168	True
4	158.07	Bee05	16.17	2.34	0	0	False
4	173.27	Bee12	18.26	19.24	0	56.83477	True
4	176.74	Bee10	13.30	1.65	0	0	False
4	178.66	Bee02	26.12	30.19	0	59.23356	True
4	180.47	Bee18	24.87	29.62	0	59.37411	True
4	180.47	Bee18	24.87	29.62	0	59.37411	True
4	180.73	Bee03	24.21	28.33	0	59.53804	True
4	182.02	Bee19	23.72	30.05	0	59.27533	True
4	185.96	Bee07	29.86	31.17	0	57.94689	True
4	193.86	Bee01	21.40	32.59	0	57.4791	True
4	200.34	Bee04	12.13	43.39	0	0	False
4	200.51	Bee08	11.47	42.33	0	0	False
4	209.37	Bee00	43.54	36.37	0	0	False
4	211.45	Bee09	21.16	31.26	0	58.47778	True
4	230.75	Bee15	30.90	30.56	0	57.68911	True
4	238.66	Bee14	16.14	32.82	0	5.454545	True
4	238.82	Bee12	15.12	32.45	0	0	False
4	239.88	Bee02	26.17	29.99	0	59.27029	True
4	240.97	Bee12	15.37	32.50	0	0	False
4	240.97	Bee12	15.37	32.50	0	0	False
4	241.82	Bee18	24.69	29.55	0	59.37411	True
4	241.82	Bee18	24.69	29.55	0	59.37411	True
4	243.35	Bee19	23.77	29.80	0	59.31837	True
4	243.35	Bee19	23.77	29.80	0	59.31837	True
4	245.06	Bee00	22.25	30.51	0	59.0168	True
4	246.00	Bee05	32.58	26.58	0	58.03819	True
4	246.00	Bee03	31.80	26.73	0	58.59208	True
4	251.34	Bee10	31.69	31.52	0	55.26216	True
4	253.25	Bee01	21.29	32.42	0	57.66073	True
4	254.99	Bee06	33.82	26.70	0	56.22261	True
4	257.84	Bee17	28.84	12.02	0	0	False
4	257.84	Bee14	29.10	13.00	0	0	False
4	262.76	Bee14	35.98	13.91	0	0	False
4	269.86	Bee14	48.59	18.43	0	0	False
4	270.87	Bee13	49.19	17.43	0	0	False
4	271.98	Bee09	21.33	31.35	0	58.44704	True
4	271.98	Bee09	21.33	31.35	0	58.44704	True
4	274.67	Bee04	20.89	33.32	0	55.84948	True
4	274.67	Bee04	20.89	33.32	0	55.84948	True
4	277.70	Bee08	30.84	27.43	0	58.93286	True
4	301.19	Bee02	25.87	29.92	0	59.30446	True
4	303.36	Bee18	24.77	29.37	0	59.4088	True
4	304.70	Bee19	23.95	29.85	0	59.32742	True
4	306.01	Bee05	32.56	26.39	0	58.0816	True
4	306.40	Bee00	22.71	29.88	0	59.22256	True
4	306.67	Bee03	31.71	26.47	0	58.66962	True
4	310.19	Bee17	17.72	31.05	0	55.18034	True
4	310.19	Bee07	17.65	30.10	0	56.74338	True
4	312.93	Bee01	21.47	32.31	0	57.84916	True
4	313.07	Bee10	22.70	32.83	0	57.79768	True
4	313.35	Bee06	33.72	26.88	0	56.39098	True
4	320.65	Bee11	18.82	30.66	0	57.51079	True
4	320.65	Bee11	18.82	30.66	0	57.51079	True
4	327.51	Bee12	18.92	29.38	0	58.38275	True
4	332.61	Bee04	21.08	33.34	0	56.1039	True
4	332.73	Bee09	21.70	30.61	0	58.89627	True
4	338.64	Bee08	30.81	27.23	0	58.95913	True
4	339.23	Bee16	19.96	34.16	0	48.79761	True
4	346.47	Bee15	16.50	29.63	0	54.64334	True
4	362.48	Bee02	25.93	29.73	0	59.34066	True
4	364.85	Bee18	24.60	29.31	0	59.41973	True
4	364.85	Bee18	24.60	29.31	0	59.41973	True
4	365.47	Bee13	30.78	28.46	0	58.71784	True
4	366.01	Bee19	23.99	29.66	0	59.34499	True
4	366.01	Bee19	23.99	29.66	0	59.34499	True
4	366.22	Bee05	32.15	26.44	0	58.44704	True
4	366.22	Bee05	32.15	26.44	0	58.44704	True
4	366.22	Bee05	32.15	26.44	0	58.44704	True
4	367.30	Bee03	31.48	26.55	0	58.75231	True
4	367.44	Bee17	17.98	31.14	0	55.84948	True
4	367.68	Bee00	22.55	29.78	0	59.22256	True
4	368.90	Bee07	17.57	29.92	0	56.83477	True
4	371.95	Bee06	33.25	26.61	0	57.38037	True
4	373.10	Bee01	20.98	31.55	0	58.2228	True
4	373.40	Bee10	22.54	31.55	0	58.63167	True
4	379.29	Bee11	18.62	30.63	0	57.41391	True
4	379.29	Bee11	18.62	30.63	0	57.41391	True
4	388.91	Bee12	21.23	29.38	0	59.12537	True
4	390.96	Bee04	21.11	32.70	0	57.165	True
4	391.26	Bee16	18.22	32.11	0	53.78174	True
4	393.04	Bee14	17.00	32.34	0	43.8013	True
4	393.59	Bee09	21.86	30.70	0	58.90559	True
4	393.59	Bee09	21.86	30.70	0	58.90559	True
4	399.62	Bee08	30.64	27.26	0	59.00885	True
4	403.06	Bee15	16.68	29.52	0	55.41985	True
4	423.84	Bee02	25.76	29.69	0	59.34499	True
4	425.25	Bee17	18.04	30.95	0	56.22261	True
4	425.25	Bee17	18.04	30.95	0	56.22261	True
4	425.25	Bee17	18.04	30.95	0	56.22261	True
4	426.73	Bee05	32.14	26.24	0	58.47778	True
4	427.51	Bee19	23.63	29.60	0	59.34499	True
4	427.74	Bee07	17.76	29.84	0	57.20267	True
4	428.09	Bee03	31.42	26.36	0	58.81725	True
4	428.88	Bee00	22.64	29.63	0	59.27533	True
4	431.30	Bee13	21.97	33.75	0	55.71306	True
4	431.30	Bee06	33.14	26.79	0	57.44681	True
4	433.39	Bee01	21.14	31.46	0	58.31442	True
4	438.75	Bee11	18.65	30.44	0	57.66073	True
4	438.90	Bee14	16.99	32.03	0	46.95652	True
4	447.03	Bee16	18.39	31.97	0	54.73869	True
4	450.09	Bee04	21.30	32.72	0	57.31135	True
4	454.49	Bee09	21.94	30.53	0	58.96767	True
4	460.49	Bee15	16.77	29.69	0	55.41985	True
4	460.63	Bee08	30.59	26.99	0	59.04006	True
4	460.63	Bee08	30.59	26.99	0	59.04006	True
4	483.48	Bee17	18.23	31.00	0	56.39098	True
4	483.48	Bee17	18.23	31.00	0	56.39098	True
4	483.48	Bee17	18.23	31.00	0	56.39098	True
4	483.48	Bee17	18.23	31.00	0	56.39098	True
4	483.69	Bee12	32.90	25.26	0	57.89886	True
4	486.92	Bee07	17.68	29.68	0	57.165	True
4	486.92	Bee07	17.68	29.68	0	57.165	True
4	487.35	Bee05	31.92	26.28	0	58.5785	True
4	487.35	Bee05	31.92	26.28	0	58.5785	True
4	487.35	Bee05	31.92	26.28	0	58.5785	True
4	487.82	Bee14	17.16	32.03	0	48.79761	True
4	488.84	Bee03	31.25	26.42	0	58.89627	True
4	488.84	Bee03	31.25	26.42	0	58.89627	True
4	489.15	Bee13	21.86	33.51	0	56.3361	True
4	490.22	Bee00	22.41	29.50	0	59.27533	True
4	490.73	Bee06	32.96	26.67	0	57.6024	True
4	493.76	Bee01	21.04	31.31	0	58.39919	True
4	498.92	Bee11	19.89	30.74	0	58.27863	True
