Run	Time	Name	X_pos	Y_pos	Collision	OnCue
0	0.02	Bee005	29.52	18.46	0	True
0	0.02	Bee010	30.46	19.50	0	True
0	0.02	Bee010	30.46	19.50	1	True
0	0.02	Bee011	39.49	49.46	1	False
0	0.02	Bee011	39.49	49.46	2	False
0	0.02	Bee012	16.47	33.47	0	True
0	0.02	Bee016	14.47	24.52	0	True
0	0.02	Bee021	32.52	22.47	0	True
0	0.02	Bee024	22.51	24.54	0	True
0	0.02	Bee028	24.53	24.53	0	True
0	0.02	Bee034	25.52	34.54	0	True
0	0.02	Bee037	29.54	33.51	0	True
0	0.02	Bee038	14.52	11.46	1	False
0	0.02	Bee040	13.53	1.53	1	False
0	0.02	Bee041	15.47	11.53	1	False
0	0.02	Bee043	20.52	34.46	0	True
0	0.02	Bee045	6.46	48.49	1	False
0	0.02	Bee046	15.48	26.54	0	True
0	0.02	Bee049	30.48	35.47	0	True
0	0.02	Bee053	30.52	14.53	0	True
0	0.02	Bee066	35.47	24.48	0	True
0	0.02	Bee068	15.48	31.46	0	True
0	0.02	Bee072	29.53	20.47	0	True
0	0.02	Bee072	29.53	20.47	1	True
0	0.02	Bee074	15.47	20.47	0	True
0	0.02	Bee080	34.51	27.54	0	True
0	0.02	Bee084	18.52	16.53	0	True
0	0.02	Bee089	36.54	24.48	0	True
0	0.02	Bee090	6.51	47.54	1	False
0	0.02	Bee091	17.51	30.54	0	True
0	0.02	Bee092	28.54	30.49	0	True
0	0.02	Bee093	25.48	16.47	0	True
0	0.02	Bee095	25.49	13.54	0	True
0	0.02	Bee096	32.50	19.46	0	True
0	0.02	Bee099	19.46	18.50	0	True
0	0.35	Bee006	40.19	39.66	1	False
0	0.35	Bee012	15.95	33.06	0	False
0	0.35	Bee019	14.61	1.80	1	False
0	0.35	Bee030	22.54	11.21	1	False
0	0.35	Bee082	47.16	13.25	1	False
0	0.35	Bee089	37.14	24.20	0	False
0	0.40	Bee060	42.86	1.79	1	False
0	0.41	Bee003	21.81	12.07	1	False
0	0.41	Bee014	10.92	36.92	1	False
0	0.41	Bee014	10.92	36.92	2	False
0	0.41	Bee037	30.31	33.63	1	True
0	0.41	Bee049	30.02	34.84	1	True
0	0.41	Bee055	11.02	36.12	1	False
0	0.41	Bee067	47.84	13.76	1	False
0	0.41	Bee084	18.92	17.20	1	True
0	0.48	Bee093	24.97	15.71	1	True
0	0.50	Bee025	7.84	28.43	1	False
0	0.50	Bee001	8.50	29.50	1	False
0	0.50	Bee095	25.14	14.44	1	True
0	0.51	Bee000	14.50	46.32	1	False
0	0.60	Bee031	42.55	17.92	1	False
0	0.60	Bee083	42.19	16.66	1	False
0	0.61	Bee050	15.12	47.66	1	False
0	0.65	Bee029	6.16	33.25	1	False
0	0.65	Bee059	4.79	33.23	1	False
0	0.65	Bee059	4.79	33.23	2	False
0	0.65	Bee081	3.50	32.81	1	False
0	0.80	Bee074	14.29	19.45	0	False
0	0.90	Bee053	31.40	16.06	1	True
0	0.94	Bee005	30.35	16.82	1	True
0	0.95	Bee016	12.94	25.59	0	False
0	1.02	Bee046	14.64	28.34	1	True
0	1.07	Bee068	14.67	29.54	1	True
0	1.14	Bee069	47.81	45.37	1	False
0	1.20	Bee051	13.41	47.37	1	False
0	1.20	Bee026	42.34	46.55	1	False
0	1.20	Bee062	12.66	46.55	1	False
0	1.20	Bee088	41.62	47.37	1	False
0	1.20	Bee088	41.62	47.37	2	False
0	1.32	Bee034	26.70	36.85	0	False
0	1.36	Bee040	13.53	1.54	2	False
0	1.43	Bee067	47.84	13.75	2	False
0	1.50	Bee096	32.71	16.52	1	True
0	1.50	Bee006	40.28	39.84	2	False
0	1.50	Bee075	41.51	40.19	1	False
0	1.66	Bee008	46.53	14.15	1	False
0	1.68	Bee080	35.37	30.75	0	False
0	1.76	Bee045	6.46	48.48	2	False
0	1.88	Bee000	14.70	46.56	2	False
0	1.92	Bee001	8.49	29.49	2	False
0	1.96	Bee038	14.53	11.47	2	False
0	1.96	Bee041	15.46	11.52	2	False
0	1.96	Bee076	48.69	47.61	1	False
0	1.96	Bee090	6.50	47.54	2	False
0	1.98	Bee013	48.98	16.83	1	False
0	1.99	Bee044	18.59	42.21	1	False
0	2.00	Bee027	17.57	43.07	1	False
0	2.01	Bee019	14.60	1.80	2	False
0	2.20	Bee042	11.28	46.77	1	False
0	2.22	Bee026	42.34	46.55	2	False
0	2.22	Bee062	12.66	46.56	2	False
0	2.22	Bee088	41.62	47.37	3	False
0	2.22	Bee050	15.12	47.66	2	False
0	2.25	Bee002	9.75	37.60	1	False
0	2.26	Bee029	6.16	33.25	2	False
0	2.28	Bee014	10.84	37.01	3	False
0	2.29	Bee021	35.25	18.85	0	False
0	2.34	Bee023	45.18	27.13	1	False
0	2.35	Bee032	16.03	46.95	1	False
0	2.37	Bee040	13.53	1.54	3	False
0	2.41	Bee031	42.55	17.91	2	False
0	2.43	Bee099	14.65	18.84	0	False
0	2.47	Bee060	44.58	1.70	2	False
0	2.47	Bee083	42.30	16.69	2	False
0	2.50	Bee024	23.88	29.31	1	True
0	2.50	Bee043	22.77	30.04	1	True
0	2.53	Bee091	18.89	35.36	0	False
0	2.61	Bee051	13.42	47.37	2	False
0	2.61	Bee057	32.11	15.03	1	False
0	2.71	Bee006	40.29	39.84	3	False
0	2.91	Bee066	30.62	21.33	1	True
0	2.95	Bee075	41.50	40.11	2	False
0	2.97	Bee090	6.50	47.55	3	False
0	2.97	Bee090	6.50	47.55	4	False
0	3.00	Bee044	18.59	42.21	2	False
0	3.04	Bee067	47.84	13.76	3	False
0	3.07	Bee008	46.53	14.14	2	False
0	3.18	Bee038	14.53	11.46	3	False
0	3.18	Bee076	48.69	47.61	2	False
0	3.21	Bee079	32.61	13.86	1	False
0	3.22	Bee001	8.46	29.30	3	False
0	3.29	Bee016	9.11	28.27	1	False
0	3.41	Bee027	17.57	43.07	2	False
0	3.42	Bee019	14.60	1.79	3	False
0	3.43	Bee088	41.63	47.36	4	False
0	3.48	Bee060	44.58	1.71	3	False
0	3.49	Bee000	14.70	46.57	3	False
0	3.57	Bee045	6.45	48.48	3	False
0	3.59	Bee013	48.98	16.83	2	False
0	3.63	Bee062	12.65	46.56	3	False
0	3.68	Bee083	42.31	16.70	3	False
0	3.75	Bee006	40.33	39.79	4	False
0	3.75	Bee070	11.19	27.51	1	False
0	3.76	Bee012	10.66	28.77	1	False
0	3.81	Bee042	11.28	46.77	2	False
0	3.82	Bee031	42.54	17.91	3	False
0	3.83	Bee050	15.12	47.66	3	False
0	3.83	Bee050	15.12	47.66	4	False
0	3.96	Bee077	24.39	1.22	1	False
0	3.98	Bee040	13.53	1.54	4	False
0	4.03	Bee026	42.34	46.55	3	False
0	4.03	Bee009	38.17	1.01	1	False
0	4.05	Bee092	36.35	28.54	0	False
0	4.09	Bee014	10.84	37.00	4	False
0	4.16	Bee032	16.03	46.96	2	False
0	4.25	Bee007	7.91	14.21	1	False
0	4.27	Bee074	9.06	14.90	1	False
0	4.30	Bee016	9.11	28.28	2	False
0	4.33	Bee091	19.88	38.82	1	False
0	4.35	Bee054	20.96	39.55	1	False
0	4.38	Bee090	6.50	47.55	5	False
0	4.42	Bee057	32.11	15.03	2	False
0	4.44	Bee088	41.63	47.36	5	False
0	4.44	Bee088	41.63	47.36	6	False
0	4.45	Bee067	47.83	13.75	4	False
0	4.49	Bee060	44.59	1.71	4	False
0	4.62	Bee051	13.72	47.65	3	False
0	4.63	Bee019	14.59	1.79	4	False
0	4.70	Bee036	46.16	21.12	1	False
0	4.70	Bee089	45.02	20.53	1	False
0	4.77	Bee085	23.21	0.95	1	False
0	4.82	Bee079	32.60	13.86	2	False
0	4.84	Bee062	12.65	46.56	4	False
0	4.89	Bee083	42.30	16.70	4	False
0	4.90	Bee071	39.45	0.57	1	False
0	4.95	Bee063	39.45	45.08	1	False
0	4.99	Bee055	16.15	33.16	1	True
0	5.02	Bee011	38.40	45.90	3	False
0	5.03	Bee013	48.99	16.76	3	False
0	5.04	Bee026	42.34	46.56	4	False
0	5.04	Bee050	15.12	47.65	5	False
0	5.04	Bee050	15.12	47.65	6	False
0	5.05	Bee061	1.24	36.17	1	False
0	5.24	Bee042	11.32	46.78	3	False
0	5.30	Bee000	14.70	46.57	4	False
0	5.36	Bee070	11.18	27.51	2	False
0	5.37	Bee012	10.66	28.76	2	False
0	5.42	Bee058	23.42	13.15	0	True
0	5.43	Bee031	42.54	17.91	4	False
0	5.44	Bee009	38.18	1.01	2	False
0	5.50	Bee060	44.59	1.71	5	False
0	5.55	Bee040	13.47	1.22	5	False
0	5.57	Bee077	24.39	1.21	2	False
0	5.65	Bee088	41.63	47.35	7	False
0	5.69	Bee007	7.96	14.26	2	False
0	5.71	Bee089	45.03	20.53	2	False
0	5.72	Bee074	8.97	14.95	2	False
0	5.89	Bee058	23.85	14.00	1	True
0	6.05	Bee019	14.33	1.96	5	False
0	6.28	Bee001	6.00	29.74	4	False
0	6.28	Bee004	6.82	8.33	1	False
0	6.28	Bee004	6.82	8.33	2	False
0	6.28	Bee022	6.81	20.01	1	False
0	6.28	Bee073	7.01	7.81	1	False
0	6.28	Bee076	45.26	49.23	3	False
0	6.28	Bee079	32.40	14.26	3	False
0	6.28	Bee090	6.24	47.93	6	False
0	6.28	Bee099	6.97	19.38	1	False
0	6.76	Bee015	48.99	16.34	1	False
0	6.76	Bee015	48.99	16.34	2	False
0	6.76	Bee015	48.99	16.34	3	False
0	6.76	Bee017	1.83	28.82	1	False
0	6.76	Bee028	33.89	34.22	0	False
0	6.76	Bee042	12.15	46.29	4	False
0	6.76	Bee042	12.15	46.29	5	False
0	6.76	Bee047	1.46	37.36	1	False
0	6.76	Bee057	32.62	15.84	3	False
0	6.76	Bee057	32.62	15.84	4	False
0	6.76	Bee064	33.28	15.38	1	False
0	7.15	Bee000	14.40	47.29	5	False
0	7.15	Bee008	41.38	12.67	3	False
0	7.15	Bee018	1.35	30.88	1	False
0	7.15	Bee018	1.35	30.88	2	False
0	7.15	Bee040	12.73	0.97	6	False
0	7.15	Bee083	42.89	17.23	5	False
0	7.51	Bee026	41.64	46.69	5	False
0	7.51	Bee031	43.19	17.62	5	False
0	7.51	Bee061	3.45	35.10	2	False
0	7.51	Bee062	12.12	47.96	5	False
0	7.74	Bee011	36.49	46.36	4	False
0	7.74	Bee011	36.49	46.36	5	False
0	7.74	Bee030	33.94	12.58	2	False
0	7.74	Bee030	33.94	12.58	3	False
0	7.74	Bee054	23.82	36.79	1	True
0	7.74	Bee077	23.97	1.43	3	False
0	7.74	Bee086	36.26	46.51	1	False
0	7.74	Bee094	33.86	13.54	1	False
0	8.39	Bee012	13.90	29.24	2	True
0	8.39	Bee012	13.90	29.24	3	True
0	8.39	Bee012	13.90	29.24	4	True
0	8.39	Bee012	13.90	29.24	5	True
0	8.39	Bee025	1.12	32.24	2	False
0	8.39	Bee025	1.12	32.24	3	False
0	8.39	Bee038	14.08	3.06	4	False
0	8.39	Bee045	3.50	47.03	4	False
0	8.39	Bee055	22.04	29.75	2	True
0	8.39	Bee055	22.04	29.75	3	True
0	8.39	Bee063	37.02	45.53	2	False
0	8.39	Bee067	41.98	13.23	5	False
0	8.39	Bee069	42.45	47.21	2	False
0	8.39	Bee078	35.67	47.75	1	False
0	9.12	Bee001	5.53	28.36	5	False
0	9.12	Bee032	23.13	47.18	3	False
0	9.12	Bee032	23.13	47.18	4	False
0	9.12	Bee039	6.70	47.64	1	False
0	9.12	Bee052	17.27	17.47	0	True
0	9.12	Bee070	13.58	29.67	3	False
0	9.12	Bee070	13.58	29.67	4	False
0	9.12	Bee079	33.59	15.10	4	False
0	9.12	Bee079	33.59	15.10	5	False
0	9.59	Bee051	12.03	48.41	4	False
0	9.59	Bee051	12.03	48.41	5	False
0	9.59	Bee051	12.03	48.41	6	False
0	9.59	Bee052	17.97	18.08	1	True
0	9.59	Bee057	31.77	16.22	4	True
0	9.59	Bee057	31.77	16.22	5	True
0	9.59	Bee057	31.77	16.22	6	True
0	9.59	Bee057	31.77	16.22	7	True
0	9.59	Bee064	34.06	17.65	1	True
0	9.98	Bee004	8.28	11.16	3	False
0	9.98	Bee004	8.28	11.16	4	False
0	9.98	Bee017	1.99	27.10	2	False
0	9.98	Bee017	1.99	27.10	3	False
0	9.98	Bee041	22.97	1.62	3	False
0	9.98	Bee073	6.88	11.00	2	False
0	9.98	Bee074	7.56	10.69	3	False
0	9.98	Bee074	7.56	10.69	4	False
0	9.98	Bee074	7.56	10.69	5	False
0	9.98	Bee081	1.51	36.76	2	False
0	9.98	Bee081	1.51	36.76	3	False
0	10.44	Bee018	3.39	32.56	3	False
0	10.44	Bee018	3.39	32.56	4	False
0	10.44	Bee061	3.24	32.47	3	False
0	10.44	Bee094	33.99	14.44	2	False
0	10.78	Bee003	7.71	23.10	2	False
0	10.78	Bee029	2.55	19.90	3	False
0	10.78	Bee063	36.86	46.18	3	False
0	10.78	Bee063	36.86	46.18	4	False
0	10.78	Bee086	35.86	45.98	2	False
0	10.78	Bee086	35.86	45.98	3	False
0	11.13	Bee007	13.05	9.09	3	False
0	11.13	Bee031	41.86	14.84	6	False
0	11.13	Bee033	48.05	6.35	1	False
0	11.13	Bee069	41.15	47.67	3	False
0	11.13	Bee071	47.97	6.11	2	False
0	11.13	Bee079	33.54	15.81	6	False
0	11.50	Bee026	41.08	42.91	6	False
0	11.50	Bee035	41.90	43.50	1	False
0	11.50	Bee062	7.36	47.98	6	False
0	11.50	Bee062	7.36	47.98	7	False
0	11.50	Bee078	36.16	47.20	2	False
0	11.50	Bee090	10.97	48.44	7	False
0	11.87	Bee028	40.99	41.57	1	False
0	11.87	Bee059	0.51	31.90	3	False
0	11.87	Bee070	14.02	29.08	4	True
0	11.87	Bee070	14.02	29.08	5	True
0	11.87	Bee070	14.02	29.08	6	True
0	12.14	Bee014	0.61	39.23	5	False
0	12.14	Bee014	0.61	39.23	6	False
0	12.14	Bee014	0.61	39.23	7	False
0	12.14	Bee014	0.61	39.23	8	False
0	12.14	Bee041	22.67	1.17	4	False
0	12.14	Bee047	0.91	39.23	2	False
0	12.14	Bee047	0.91	39.23	3	False
0	12.14	Bee047	0.91	39.23	4	False
0	12.14	Bee051	11.68	48.82	7	False
0	12.14	Bee089	47.42	31.02	3	False
0	12.14	Bee098	47.52	31.59	1	False
0	12.67	Bee020	44.91	14.29	1	False
0	12.67	Bee042	7.67	40.79	6	False
0	12.91	Bee061	4.62	31.78	4	False
0	12.91	Bee061	4.62	31.78	5	False
0	12.91	Bee073	7.34	10.84	3	False
0	12.91	Bee086	36.16	45.60	4	False
0	12.91	Bee094	33.51	14.48	3	False
0	13.38	Bee062	7.20	48.33	8	False
0	13.38	Bee078	36.00	46.86	3	False
0	13.60	Bee069	41.35	48.47	4	False
0	13.60	Bee079	33.10	15.75	7	False
0	13.78	Bee028	40.81	41.89	2	False
0	13.78	Bee083	37.90	25.10	6	False
0	14.02	Bee064	36.95	26.04	1	False
0	14.02	Bee085	35.01	5.65	2	False
0	14.23	Bee089	47.08	31.26	4	False
0	14.42	Bee076	45.78	38.63	4	False
0	14.42	Bee097	45.97	37.95	1	False
0	14.65	Bee014	0.97	38.97	9	False
0	14.65	Bee094	33.33	14.88	4	False
0	14.86	Bee098	47.53	31.16	2	False
0	15.03	Bee012	13.90	28.89	6	True
0	15.03	Bee056	39.00	24.90	1	False
0	15.03	Bee062	6.86	48.35	9	False
0	15.03	Bee078	36.22	46.59	4	False
0	15.03	Bee080	41.02	49.04	1	False
0	15.03	Bee080	41.02	49.04	2	False
0	15.35	Bee033	44.68	2.83	2	False
0	15.35	Bee060	45.46	2.29	6	False
0	15.35	Bee063	41.58	47.41	5	False
0	15.35	Bee086	36.64	46.02	5	False
0	15.66	Bee019	25.37	11.42	6	False
0	15.85	Bee048	15.06	18.15	0	True
0	15.85	Bee079	33.07	16.14	8	False
0	15.85	Bee079	33.07	16.14	9	False
0	15.85	Bee079	33.07	16.14	10	False
0	16.07	Bee009	25.10	13.15	2	True
0	16.07	Bee009	25.10	13.15	3	True
0	16.07	Bee029	7.07	13.46	4	False
0	16.07	Bee067	36.52	23.08	5	True
0	16.35	Bee011	31.33	34.72	5	True
0	16.35	Bee011	31.33	34.72	6	True
0	16.35	Bee016	0.92	26.54	3	False
0	16.35	Bee054	36.22	24.85	2	True
0	16.35	Bee073	8.11	13.37	4	False
0	16.35	Bee083	36.64	24.53	6	True
0	16.35	Bee083	36.64	24.53	7	True
0	16.71	Bee003	12.28	29.16	3	False
0	16.71	Bee006	47.44	46.63	5	False
0	16.71	Bee032	25.93	36.39	4	True
0	16.71	Bee035	48.38	46.24	2	False
0	16.71	Bee062	6.44	48.92	10	False
0	16.71	Bee062	6.44	48.92	11	False
0	16.71	Bee067	35.90	24.19	6	True
0	16.71	Bee067	35.90	24.19	7	True
0	16.71	Bee094	33.88	15.33	5	False
0	17.07	Bee018	13.44	29.83	5	False
0	17.07	Bee018	13.44	29.83	6	False
0	17.07	Bee042	1.59	41.30	7	False
0	17.07	Bee042	1.59	41.30	8	False
0	17.07	Bee075	39.65	32.07	3	False
0	17.43	Bee014	1.77	40.17	10	False
0	17.43	Bee031	34.80	18.82	6	True
0	17.43	Bee056	37.56	24.97	2	False
0	17.43	Bee056	37.56	24.97	3	False
0	17.43	Bee064	39.17	32.47	2	False
0	17.69	Bee061	2.07	27.12	6	False
0	17.69	Bee086	36.31	46.42	6	False
0	17.90	Bee004	15.18	3.31	5	False
0	17.90	Bee004	15.18	3.31	6	False
0	17.90	Bee041	15.09	2.77	5	False
0	17.90	Bee041	15.09	2.77	6	False
0	17.90	Bee050	33.24	44.70	7	False
0	18.15	Bee007	22.53	13.55	3	True
0	18.15	Bee016	0.91	27.06	4	False
0	18.15	Bee016	0.91	27.06	5	False
0	18.15	Bee027	28.20	45.74	3	False
0	18.15	Bee063	41.17	48.25	6	False
0	18.15	Bee065	37.52	23.82	1	False
0	18.15	Bee065	37.52	23.82	2	False
0	18.15	Bee079	32.56	16.09	10	True
0	18.15	Bee079	32.56	16.09	11	True
0	18.15	Bee079	32.56	16.09	12	True
0	18.15	Bee079	32.56	16.09	13	True
0	18.65	Bee007	23.43	13.97	4	True
0	18.65	Bee007	23.43	13.97	5	True
0	18.65	Bee007	23.43	13.97	6	True
0	18.65	Bee007	23.43	13.97	7	True
0	18.65	Bee073	7.30	13.93	5	False
0	18.92	Bee000	30.26	43.77	6	False
0	18.92	Bee000	30.26	43.77	7	False
0	18.92	Bee003	12.76	28.93	4	False
0	18.92	Bee003	12.76	28.93	5	False
0	18.92	Bee018	13.57	29.31	7	False
0	18.92	Bee018	13.57	29.31	8	False
0	18.92	Bee018	13.57	29.31	9	False
0	18.92	Bee026	30.49	43.82	7	False
0	18.92	Bee089	41.26	28.34	5	False
0	18.92	Bee094	33.62	15.81	6	False
0	19.29	Bee009	25.62	13.68	4	True
0	19.29	Bee028	46.58	46.29	3	False
0	19.29	Bee028	46.58	46.29	4	False
0	19.29	Bee031	31.56	20.65	7	True
0	19.29	Bee045	3.03	45.26	5	False
0	19.29	Bee056	37.17	24.34	4	False
0	19.29	Bee056	37.17	24.34	5	False
0	19.29	Bee056	37.17	24.34	6	False
0	19.29	Bee056	37.17	24.34	7	False
0	19.71	Bee039	6.50	48.51	2	False
0	19.71	Bee042	1.71	42.14	9	False
0	19.71	Bee064	40.01	32.34	3	False
0	19.71	Bee096	31.86	16.50	2	True
0	19.71	Bee096	31.86	16.50	3	True
0	20.04	Bee051	1.49	43.25	8	False
0	20.25	Bee041	13.73	1.42	7	False
0	20.25	Bee075	40.15	30.22	4	False
0	20.25	Bee085	34.22	14.79	3	False
0	20.25	Bee098	40.52	30.22	3	False
0	20.25	Bee098	40.52	30.22	4	False
0	20.51	Bee013	33.77	17.33	3	True
0	20.51	Bee040	13.33	0.42	7	False
0	20.51	Bee063	41.60	48.57	7	False
0	20.51	Bee063	41.60	48.57	8	False
0	20.51	Bee065	37.06	23.54	3	False
0	20.76	Bee004	14.03	2.44	7	False
0	20.76	Bee014	3.25	38.68	11	False
0	20.76	Bee029	2.80	10.47	5	False
0	20.76	Bee074	2.61	11.36	6	False
0	20.76	Bee074	2.61	11.36	7	False
0	20.76	Bee094	33.12	15.81	7	False
0	20.76	Bee094	33.12	15.81	8	False
0	21.09	Bee013	32.62	17.40	4	True
0	21.09	Bee013	32.62	17.40	5	True
0	21.09	Bee062	3.05	46.19	12	False
0	21.09	Bee078	40.35	48.74	5	False
0	21.09	Bee090	22.32	36.66	7	True
0	21.09	Bee097	42.55	47.86	2	False
0	21.44	Bee018	14.25	29.48	9	True
0	21.44	Bee018	14.25	29.48	10	True
0	21.44	Bee018	14.25	29.48	11	True
0	21.44	Bee018	14.25	29.48	12	True
0	21.44	Bee018	14.25	29.48	13	True
0	21.44	Bee045	4.37	45.10	6	False
0	21.44	Bee045	4.37	45.10	7	False
0	21.44	Bee086	39.01	48.58	7	False
0	21.44	Bee089	40.34	29.33	6	False
0	21.44	Bee089	40.34	29.33	7	False
0	21.44	Bee092	36.24	28.76	0	True
0	21.88	Bee036	38.50	20.17	2	False
0	22.09	Bee000	32.69	45.76	8	False
0	22.09	Bee000	32.69	45.76	9	False
0	22.09	Bee034	33.36	45.43	1	False
0	22.09	Bee038	35.80	5.96	5	False
0	22.09	Bee041	13.90	1.05	8	False
0	22.09	Bee041	13.90	1.05	9	False
0	22.09	Bee042	1.30	42.18	10	False
0	22.09	Bee042	1.30	42.18	11	False
0	22.09	Bee042	1.30	42.18	12	False
0	22.09	Bee056	36.91	24.65	8	False
0	22.09	Bee056	36.91	24.65	9	False
0	22.09	Bee056	36.91	24.65	10	False
0	22.09	Bee080	41.31	49.34	3	False
0	22.61	Bee019	35.74	7.56	7	False
0	22.61	Bee033	34.60	7.39	3	False
0	22.61	Bee033	34.60	7.39	4	False
0	22.61	Bee069	42.50	48.42	5	False
0	22.61	Bee069	42.50	48.42	6	False
0	22.61	Bee069	42.50	48.42	7	False
0	22.61	Bee069	42.50	48.42	8	False
0	22.95	Bee063	41.18	49.11	9	False
0	22.95	Bee065	36.72	24.14	3	True
0	22.95	Bee065	36.72	24.14	4	True
0	22.95	Bee065	36.72	24.14	5	True
0	22.95	Bee065	36.72	24.14	6	True
0	22.95	Bee065	36.72	24.14	7	True
0	22.95	Bee065	36.72	24.14	8	True
0	22.95	Bee073	3.88	10.46	6	False
0	22.95	Bee076	32.98	33.59	4	True
0	22.95	Bee078	40.99	48.97	6	False
0	22.95	Bee078	40.99	48.97	7	False
0	22.95	Bee078	40.99	48.97	8	False
0	22.95	Bee078	40.99	48.97	9	False
0	22.95	Bee078	40.99	48.97	10	False
0	22.95	Bee085	33.58	14.57	4	False
0	22.95	Bee097	41.89	48.01	3	False
0	22.95	Bee097	41.89	48.01	4	False
0	23.56	Bee025	18.69	34.85	3	True
0	23.56	Bee044	3.44	12.75	3	False
0	23.56	Bee071	35.75	22.39	2	True
0	23.56	Bee074	2.81	13.24	8	False
0	23.56	Bee074	2.81	13.24	9	False
0	23.56	Bee074	2.81	13.24	10	False
0	23.56	Bee086	40.18	48.28	8	False
0	23.56	Bee094	33.20	17.02	8	True
0	23.56	Bee094	33.20	17.02	9	True
0	23.56	Bee094	33.20	17.02	10	True
0	23.96	Bee048	17.76	34.13	1	True
0	23.96	Bee076	31.10	32.85	5	True
0	24.17	Bee016	7.95	32.52	6	False
0	24.17	Bee032	29.69	21.94	5	True
0	24.17	Bee071	35.01	23.38	3	True
0	24.45	Bee045	4.02	44.18	8	False
0	24.45	Bee075	35.93	28.11	4	True
0	24.67	Bee000	32.96	45.41	10	False
0	24.67	Bee000	32.96	45.41	11	False
0	24.67	Bee000	32.96	45.41	12	False
0	24.67	Bee034	32.93	45.42	2	False
0	24.67	Bee034	32.93	45.42	3	False
0	24.67	Bee034	32.93	45.42	4	False
0	24.67	Bee056	36.58	24.36	10	True
0	24.67	Bee056	36.58	24.36	11	True
0	24.67	Bee056	36.58	24.36	12	True
0	24.67	Bee056	36.58	24.36	13	True
0	25.30	Bee026	29.80	35.43	7	True
0	25.30	Bee026	29.80	35.43	8	True
0	25.30	Bee026	29.80	35.43	9	True
0	25.30	Bee036	37.44	23.50	3	False
0	25.30	Bee042	1.54	43.87	13	False
0	25.30	Bee060	34.40	15.46	7	False
0	25.30	Bee063	39.91	49.02	10	False
0	25.30	Bee078	42.03	48.23	11	False
0	25.30	Bee078	42.03	48.23	12	False
0	25.30	Bee085	32.55	15.32	5	False
0	25.30	Bee085	32.55	15.32	6	False
0	25.30	Bee085	32.55	15.32	7	False
0	25.78	Bee070	14.44	29.94	7	True
0	25.97	Bee033	35.50	9.84	5	False
0	25.97	Bee074	3.18	13.20	11	False
0	25.97	Bee077	25.01	12.92	4	False
0	25.97	Bee079	32.53	16.46	14	True
0	25.97	Bee079	32.53	16.46	15	True
0	25.97	Bee079	32.53	16.46	16	True
0	25.97	Bee079	32.53	16.46	17	True
0	26.47	Bee015	37.36	30.31	4	False
0	26.47	Bee050	37.75	31.07	8	False
0	26.47	Bee081	2.73	38.42	4	False
0	26.47	Bee088	48.23	28.94	8	False
0	26.70	Bee038	36.23	1.48	6	False
0	27.04	Bee042	1.82	44.02	14	False
0	27.04	Bee045	2.51	44.48	9	False
0	27.04	Bee047	13.09	30.09	5	False
0	27.27	Bee008	36.35	8.92	4	False
0	27.27	Bee078	42.43	48.43	13	False
0	27.50	Bee012	14.37	28.97	7	True
0	27.50	Bee012	14.37	28.97	8	True
0	27.50	Bee012	14.37	28.97	9	True
0	27.50	Bee012	14.37	28.97	10	True
0	27.74	Bee064	41.48	43.96	4	False
0	27.74	Bee085	32.80	15.72	8	False
0	27.74	Bee085	32.80	15.72	9	False
0	27.74	Bee097	42.49	44.14	5	False
0	28.02	Bee036	36.94	23.26	4	False
0	28.02	Bee065	36.28	23.80	9	True
0	28.02	Bee065	36.28	23.80	10	True
0	28.27	Bee033	35.98	9.69	6	False
0	28.27	Bee038	35.84	1.17	7	False
0	28.47	Bee051	0.93	43.81	9	False
0	28.63	Bee025	28.80	35.88	4	True
0	28.63	Bee042	2.08	43.84	15	False
0	28.63	Bee077	24.28	12.89	5	False
0	28.97	Bee008	36.47	9.14	5	False
0	28.97	Bee008	36.47	9.14	6	False
0	28.97	Bee098	42.07	42.86	5	False
0	29.40	Bee045	2.28	43.66	10	False
0	29.58	Bee064	41.84	44.05	5	False
0	29.58	Bee064	41.84	44.05	6	False
0	29.58	Bee064	41.84	44.05	7	False
0	29.58	Bee090	34.10	24.42	8	True
0	29.88	Bee080	42.13	48.79	4	False
0	29.88	Bee089	48.60	38.92	8	False
0	30.11	Bee085	32.41	15.94	9	True
0	30.11	Bee085	32.41	15.94	10	True
0	30.11	Bee085	32.41	15.94	11	True
0	30.11	Bee085	32.41	15.94	12	True
0	30.11	Bee085	32.41	15.94	13	True
0	30.51	Bee036	36.63	23.99	4	True
0	30.51	Bee036	36.63	23.99	5	True
0	30.51	Bee036	36.63	23.99	6	True
0	30.51	Bee036	36.63	23.99	7	True
0	30.51	Bee081	1.07	41.78	5	False
0	30.51	Bee087	10.44	5.46	1	False
0	30.88	Bee004	1.17	12.85	8	False
0	30.88	Bee004	1.17	12.85	9	False
0	30.88	Bee011	30.67	35.06	7	True
0	30.88	Bee011	30.67	35.06	8	True
0	30.88	Bee011	30.67	35.06	9	True
0	30.88	Bee051	0.88	43.07	10	False
0	30.88	Bee051	0.88	43.07	11	False
0	30.88	Bee078	44.17	45.60	14	False
0	30.88	Bee092	17.83	32.92	1	True
0	31.35	Bee077	24.43	13.82	5	True
0	31.35	Bee077	24.43	13.82	6	True
0	31.35	Bee077	24.43	13.82	7	True
0	31.35	Bee077	24.43	13.82	8	True
0	31.35	Bee083	32.32	34.79	7	False
0	31.76	Bee028	48.77	38.12	5	False
0	31.76	Bee044	15.02	18.44	3	True
0	31.76	Bee045	1.49	43.86	11	False
0	32.04	Bee016	4.81	44.63	7	False
0	32.04	Bee016	4.81	44.63	8	False
0	32.04	Bee034	32.69	35.44	5	False
0	32.33	Bee015	39.20	39.29	5	False
0	32.33	Bee059	13.35	30.01	4	False
0	32.33	Bee059	13.35	30.01	5	False
0	32.33	Bee063	37.79	39.13	11	False
0	32.33	Bee080	42.71	48.77	5	False
0	32.33	Bee089	48.99	38.49	9	False
0	32.33	Bee089	48.99	38.49	10	False
0	32.77	Bee006	48.44	39.70	6	False
0	32.77	Bee081	1.72	42.40	6	False
0	33.01	Bee004	1.33	13.30	10	False
0	33.01	Bee004	1.33	13.30	11	False
0	33.01	Bee060	40.84	24.96	8	False
0	33.29	Bee047	8.72	22.64	6	False
0	33.29	Bee051	1.43	42.96	12	False
0	33.29	Bee051	1.43	42.96	13	False
0	33.29	Bee051	1.43	42.96	14	False
0	33.29	Bee074	7.67	23.34	12	False
0	33.72	Bee000	22.76	36.80	12	True
0	33.72	Bee001	12.94	28.93	6	False
0	33.72	Bee044	18.54	20.17	4	True
0	33.72	Bee075	19.36	19.81	5	True
0	33.96	Bee020	47.08	13.10	2	False
0	34.16	Bee059	13.60	30.31	6	False
0	34.39	Bee056	36.28	24.71	14	True
0	34.39	Bee088	37.46	24.87	9	False
0	34.39	Bee088	37.46	24.87	10	False
0	34.66	Bee034	31.68	35.49	6	False
0	34.66	Bee063	38.30	38.94	12	False
0	34.89	Bee074	8.12	23.44	13	False
0	34.89	Bee086	35.25	30.74	8	True
0	35.25	Bee001	13.10	29.20	7	False
0	35.25	Bee001	13.10	29.20	8	False
0	35.25	Bee001	13.10	29.20	9	False
0	35.25	Bee091	0.84	41.46	2	False
0	35.55	Bee051	1.49	42.04	15	False
0	35.74	Bee018	14.33	29.10	14	True
0	35.74	Bee030	41.59	23.70	4	False
0	35.74	Bee030	41.59	23.70	5	False
0	35.74	Bee047	8.42	22.88	7	False
0	35.74	Bee047	8.42	22.88	8	False
0	36.24	Bee000	18.90	33.55	13	True
0	36.24	Bee000	18.90	33.55	14	True
0	36.24	Bee040	7.81	16.67	8	False
0	36.24	Bee040	7.81	16.67	9	False
0	36.24	Bee068	15.02	29.42	2	True
0	36.24	Bee073	7.53	17.11	7	False
0	36.24	Bee088	37.46	24.50	11	False
0	36.24	Bee088	37.46	24.50	12	False
0	36.63	Bee028	47.81	34.99	6	False
0	36.63	Bee059	14.19	29.79	6	True
0	36.63	Bee059	14.19	29.79	7	True
0	36.63	Bee059	14.19	29.79	8	True
0	36.63	Bee059	14.19	29.79	9	True
0	36.93	Bee006	44.22	38.07	7	False
0	36.93	Bee015	44.27	39.05	6	False
0	36.93	Bee062	6.58	17.76	13	False
0	36.93	Bee085	32.77	16.42	14	True
0	36.93	Bee085	32.77	16.42	15	True
0	37.22	Bee050	48.73	30.12	9	False
0	37.22	Bee063	38.78	40.01	13	False
0	37.22	Bee099	16.08	32.62	1	True
0	37.50	Bee022	15.18	18.49	1	True
0	37.50	Bee033	42.41	22.99	7	False
0	37.50	Bee034	31.85	34.37	6	True
0	37.50	Bee051	0.97	41.84	16	False
0	37.75	Bee001	13.50	28.87	10	False
0	37.75	Bee001	13.50	28.87	11	False
0	37.75	Bee001	13.50	28.87	12	False
0	37.75	Bee034	31.93	33.86	7	True
0	37.75	Bee086	33.70	25.23	9	True
0	38.07	Bee035	48.07	46.16	3	False
0	38.27	Bee073	7.48	17.51	8	False
0	38.43	Bee022	17.05	18.46	2	True
0	38.43	Bee022	17.05	18.46	3	True
0	38.43	Bee081	0.59	42.98	7	False
0	38.65	Bee027	1.58	37.49	4	False
0	38.65	Bee088	37.01	24.50	13	False
0	38.65	Bee088	37.01	24.50	14	False
0	38.65	Bee088	37.01	24.50	15	False
0	38.65	Bee088	37.01	24.50	16	False
0	38.65	Bee091	1.59	38.09	3	False
0	38.95	Bee015	44.43	38.49	7	False
0	39.11	Bee019	47.74	33.84	8	False
0	39.11	Bee028	48.41	34.30	7	False
0	39.34	Bee036	36.22	23.78	8	True
0	39.34	Bee036	36.22	23.78	9	True
0	39.34	Bee036	36.22	23.78	10	True
0	39.55	Bee049	30.36	34.61	2	True
0	39.55	Bee049	30.36	34.61	3	True
0	39.55	Bee049	30.36	34.61	4	True
0	39.55	Bee074	9.03	18.29	14	False
0	39.81	Bee020	48.98	20.37	3	False
0	39.97	Bee051	0.93	42.16	17	False
0	39.97	Bee051	0.93	42.16	18	False
0	39.97	Bee073	8.12	18.07	9	False
0	40.19	Bee001	13.75	29.24	12	True
0	40.19	Bee001	13.75	29.24	13	True
0	40.19	Bee001	13.75	29.24	14	True
0	40.19	Bee001	13.75	29.24	15	True
0	40.19	Bee035	48.51	46.12	4	False
0	40.63	Bee030	36.41	28.14	5	True
0	40.63	Bee053	31.17	16.18	2	True
0	40.79	Bee027	1.81	37.25	5	False
0	40.98	Bee028	48.22	33.99	8	False
0	40.98	Bee028	48.22	33.99	9	False
0	40.98	Bee028	48.22	33.99	10	False
0	40.98	Bee029	13.33	7.73	6	False
0	40.98	Bee038	14.01	7.71	8	False
0	40.98	Bee042	9.62	48.36	16	False
0	40.98	Bee078	31.76	35.61	15	False
0	40.98	Bee088	37.03	24.86	17	False
0	41.30	Bee047	13.32	27.10	8	True
0	41.30	Bee097	48.97	45.15	6	False
0	41.55	Bee015	43.03	37.94	8	False
0	41.55	Bee047	13.70	27.42	9	True
0	41.55	Bee063	42.74	38.05	14	False
0	41.55	Bee063	42.74	38.05	15	False
0	41.55	Bee070	14.85	29.67	8	True
0	41.55	Bee074	8.58	18.07	15	False
0	41.55	Bee074	8.58	18.07	16	False
0	41.55	Bee074	8.58	18.07	17	False
0	42.01	Bee048	18.03	34.06	2	True
0	42.01	Bee048	18.03	34.06	3	True
0	42.01	Bee050	43.46	31.04	10	False
0	42.26	Bee035	48.58	45.62	5	False
0	42.26	Bee035	48.58	45.62	6	False
0	42.26	Bee040	15.12	18.98	9	True
0	42.47	Bee006	41.84	30.01	8	False
0	42.47	Bee021	42.87	29.83	1	False
0	42.47	Bee021	42.87	29.83	2	False
0	42.69	Bee038	13.69	7.42	9	False
0	42.69	Bee038	13.69	7.42	10	False
0	42.69	Bee078	31.35	35.76	16	False
0	42.89	Bee040	16.31	19.36	10	True
0	42.89	Bee094	32.79	17.01	11	True
0	42.89	Bee094	32.79	17.01	12	True
0	42.89	Bee094	32.79	17.01	13	True
0	42.89	Bee094	32.79	17.01	14	True
0	42.89	Bee094	32.79	17.01	15	True
0	43.16	Bee082	35.38	19.56	1	True
0	43.16	Bee089	38.15	24.72	11	False
0	43.40	Bee088	36.55	24.86	17	True
0	43.40	Bee088	36.55	24.86	18	True
0	43.40	Bee088	36.55	24.86	19	True
0	43.62	Bee030	31.88	32.03	6	True
0	43.62	Bee033	48.35	18.23	8	False
0	43.62	Bee033	48.35	18.23	9	False
0	43.62	Bee041	48.55	17.44	10	False
0	43.86	Bee051	0.46	42.61	19	False
0	44.05	Bee001	14.02	28.98	16	True
0	44.05	Bee001	14.02	28.98	17	True
0	44.05	Bee011	30.52	34.73	10	True
0	44.05	Bee057	31.97	16.53	8	True
0	44.05	Bee057	31.97	16.53	9	True
0	44.05	Bee057	31.97	16.53	10	True
0	44.43	Bee021	43.51	30.25	3	False
0	44.43	Bee021	43.51	30.25	4	False
0	44.64	Bee006	42.24	29.87	9	False
0	44.64	Bee014	13.00	25.21	11	True
0	44.64	Bee064	32.29	36.41	8	False
0	44.64	Bee082	35.32	22.53	2	True
0	44.64	Bee082	35.32	22.53	3	True
0	45.03	Bee033	48.35	17.97	10	False
0	45.03	Bee033	48.35	17.97	11	False
0	45.03	Bee078	31.31	35.50	17	False
0	45.29	Bee028	44.70	36.41	11	False
0	45.29	Bee059	14.51	30.20	10	True
0	45.29	Bee089	37.70	24.98	12	False
0	45.53	Bee025	28.80	35.40	5	True
0	45.53	Bee046	15.09	28.50	2	True
0	45.91	Bee026	29.43	35.48	10	True
0	45.91	Bee026	29.43	35.48	11	True
0	45.91	Bee054	35.95	24.60	3	True
0	45.91	Bee054	35.95	24.60	4	True
0	45.91	Bee054	35.95	24.60	5	True
0	46.55	Bee097	41.97	48.43	7	False
0	46.72	Bee078	31.73	35.12	18	False
0	46.91	Bee060	49.60	21.19	9	False
0	46.91	Bee060	49.60	21.19	10	False
0	47.13	Bee006	42.99	31.05	10	False
0	47.13	Bee006	42.99	31.05	11	False
0	47.13	Bee038	10.22	10.99	11	False
0	47.13	Bee058	18.51	14.81	1	False
0	47.13	Bee074	11.29	11.58	18	False
0	47.47	Bee089	37.26	24.46	13	False
0	47.47	Bee089	37.26	24.46	14	False
0	47.47	Bee089	37.26	24.46	15	False
0	47.86	Bee009	25.41	13.83	5	True
0	47.86	Bee009	25.41	13.83	6	True
0	47.86	Bee009	25.41	13.83	7	True
0	47.86	Bee014	18.25	21.51	12	True
0	47.86	Bee085	32.53	16.54	16	True
0	47.86	Bee085	32.53	16.54	17	True
0	47.86	Bee085	32.53	16.54	18	True
0	48.18	Bee091	17.00	33.91	3	True
0	48.18	Bee091	17.00	33.91	4	True
0	48.18	Bee091	17.00	33.91	5	True
0	48.42	Bee021	48.53	28.29	5	False
0	48.61	Bee099	28.33	13.39	1	False
0	48.77	Bee060	49.30	21.09	11	False
0	48.93	Bee016	17.96	35.25	9	False
0	48.93	Bee078	31.52	34.90	18	True
0	48.93	Bee078	31.52	34.90	19	True
0	48.93	Bee078	31.52	34.90	20	True
0	48.93	Bee095	25.44	14.53	2	True
0	48.93	Bee095	25.44	14.53	3	True
0	49.25	Bee038	10.54	11.56	12	False
0	49.25	Bee038	10.54	11.56	13	False
0	49.61	Bee002	42.96	16.11	2	False
0	49.61	Bee033	42.99	17.15	12	False
0	49.61	Bee064	36.85	31.99	9	False
0	49.83	Bee065	36.06	24.16	11	True
0	49.83	Bee065	36.06	24.16	12	True
0	49.83	Bee065	36.06	24.16	13	True
0	49.83	Bee065	36.06	24.16	14	True
0	49.83	Bee089	36.96	24.76	16	False
0	49.83	Bee089	36.96	24.76	17	False
0	49.83	Bee089	36.96	24.76	18	False
0	50.29	Bee008	45.27	18.65	7	False
0	50.29	Bee050	45.19	19.45	11	False
0	50.85	Bee042	6.78	44.52	17	False
0	50.85	Bee098	35.98	29.30	5	True
0	51.03	Bee019	37.84	32.60	9	False
0	51.36	Bee064	37.09	32.10	10	False
0	51.36	Bee073	22.06	5.21	10	False
0	51.36	Bee079	32.27	16.40	18	True
0	51.36	Bee079	32.27	16.40	19	True
0	51.36	Bee079	32.27	16.40	20	True
0	51.36	Bee079	32.27	16.40	21	True
0	51.36	Bee091	16.89	33.67	6	True
0	51.68	Bee002	42.55	16.90	3	False
0	51.68	Bee020	45.94	19.39	4	False
0	51.68	Bee020	45.94	19.39	5	False
0	51.68	Bee020	45.94	19.39	6	False
0	51.68	Bee061	21.49	13.65	6	True
0	51.97	Bee017	13.35	22.50	3	True
0	51.97	Bee028	48.73	45.22	12	False
0	52.16	Bee008	45.58	18.85	8	False
0	52.16	Bee008	45.58	18.85	9	False
0	52.16	Bee008	45.58	18.85	10	False
0	52.16	Bee015	45.25	20.56	9	False
0	52.16	Bee016	19.73	35.84	9	True
0	52.16	Bee078	31.79	34.65	21	True
0	52.16	Bee089	36.71	24.48	18	True
0	52.16	Bee089	36.71	24.48	19	True
0	52.16	Bee089	36.71	24.48	20	True
0	52.16	Bee089	36.71	24.48	21	True
0	52.63	Bee021	46.70	24.44	6	False
0	52.63	Bee021	46.70	24.44	7	False
0	52.63	Bee021	46.70	24.44	8	False
0	52.63	Bee060	46.28	24.65	12	False
0	52.87	Bee019	37.69	32.13	10	False
0	52.87	Bee019	37.69	32.13	11	False
0	52.87	Bee098	33.11	26.45	6	True
0	53.35	Bee020	45.87	19.16	7	False
0	53.35	Bee020	45.87	19.16	8	False
0	53.35	Bee020	45.87	19.16	9	False
0	53.35	Bee020	45.87	19.16	10	False
0	53.69	Bee016	22.63	36.81	9	False
0	53.69	Bee064	37.19	31.86	11	False
0	54.00	Bee017	17.26	21.42	4	True
0	54.00	Bee017	17.26	21.42	5	True
0	54.00	Bee037	30.33	33.34	2	True
0	54.00	Bee083	1.04	41.33	8	False
0	54.27	Bee058	4.39	16.96	2	False
0	54.27	Bee088	36.64	27.66	19	False
0	54.71	Bee061	20.50	19.64	7	True
0	54.71	Bee063	47.14	45.46	16	False
0	54.92	Bee023	49.25	28.89	2	False
0	54.92	Bee074	23.23	12.74	19	False
0	55.14	Bee033	36.69	22.96	12	True
0	55.14	Bee033	36.69	22.96	13	True
0	55.14	Bee033	36.69	22.96	14	True
0	55.60	Bee067	35.72	24.09	8	True
0	55.60	Bee067	35.72	24.09	9	True
0	55.78	Bee064	36.51	31.37	12	False
0	55.78	Bee069	42.75	39.27	9	False
0	55.78	Bee069	42.75	39.27	10	False
0	55.78	Bee088	36.74	30.67	20	False
0	56.56	Bee097	30.66	36.06	8	False
0	56.83	Bee084	20.59	15.93	2	True
0	57.00	Bee007	21.50	16.61	8	True
0	57.14	Bee078	31.58	34.44	22	True
0	57.14	Bee078	31.58	34.44	23	True
0	57.14	Bee078	31.58	34.44	24	True
0	57.14	Bee091	17.16	33.57	7	True
0	57.14	Bee091	17.16	33.57	8	True
0	57.14	Bee091	17.16	33.57	9	True
0	57.49	Bee020	40.75	18.77	11	False
0	57.49	Bee020	40.75	18.77	12	False
0	57.49	Bee074	23.08	13.71	19	True
0	57.71	Bee033	36.49	22.55	15	True
0	57.90	Bee089	36.46	24.77	22	True
0	57.90	Bee089	36.46	24.77	23	True
0	57.90	Bee097	30.28	36.08	9	False
0	58.31	Bee001	14.24	29.22	18	True
0	58.31	Bee001	14.24	29.22	19	True
0	58.31	Bee001	14.24	29.22	20	True
0	58.31	Bee001	14.24	29.22	21	True
0	58.55	Bee005	25.97	15.24	2	True
0	58.55	Bee088	35.45	30.67	20	True
0	58.72	Bee074	22.71	16.14	20	True
0	58.72	Bee093	23.64	16.66	2	True
0	58.94	Bee062	14.05	20.51	13	True
0	59.47	Bee056	36.13	24.56	15	True
0	59.47	Bee056	36.13	24.56	16	True
0	59.47	Bee056	36.13	24.56	17	True
0	59.47	Bee056	36.13	24.56	18	True
0	59.47	Bee096	31.87	16.72	4	True
0	59.47	Bee096	31.87	16.72	5	True
0	59.78	Bee016	34.19	40.66	10	False
0	59.78	Bee060	35.96	20.82	12	True
0	59.78	Bee080	34.27	39.90	6	False
0	60.02	Bee012	14.41	28.50	11	True
0	60.02	Bee012	14.41	28.50	12	True
0	60.02	Bee015	34.15	17.61	9	True
0	60.02	Bee059	14.80	29.84	11	True
0	60.02	Bee059	14.80	29.84	12	True
0	60.02	Bee059	14.80	29.84	13	True
0	60.02	Bee059	14.80	29.84	14	True
0	60.02	Bee062	16.14	21.00	14	True
0	60.36	Bee010	30.42	20.18	2	True
0	60.36	Bee010	30.42	20.18	3	True
0	60.36	Bee010	30.42	20.18	4	True
0	60.36	Bee015	33.49	17.43	10	True
0	60.36	Bee015	33.49	17.43	11	True
0	60.36	Bee015	33.49	17.43	12	True
0	60.36	Bee097	30.29	35.39	9	True
0	60.36	Bee097	30.29	35.39	10	True
0	60.36	Bee097	30.29	35.39	11	True
0	60.36	Bee097	30.29	35.39	12	True
0	60.90	Bee003	41.38	2.54	6	False
0	60.90	Bee042	21.07	36.17	17	True
0	60.90	Bee072	29.73	20.71	2	True
0	60.90	Bee072	29.73	20.71	3	True
0	60.90	Bee072	29.73	20.71	4	True
0	61.69	Bee008	45.33	9.67	11	False
0	61.69	Bee008	45.33	9.67	12	False
0	61.69	Bee029	44.66	9.25	7	False
0	62.05	Bee016	34.24	40.42	11	False
0	62.05	Bee016	34.24	40.42	12	False
0	62.05	Bee018	14.56	29.18	15	True
0	62.05	Bee018	14.56	29.18	16	True
0	62.05	Bee018	14.56	29.18	17	True
0	62.05	Bee018	14.56	29.18	18	True
0	62.05	Bee018	14.56	29.18	19	True
0	62.05	Bee033	36.28	22.69	16	True
0	62.05	Bee033	36.28	22.69	17	True
0	62.50	Bee019	48.72	19.93	12	False
0	62.50	Bee023	37.36	24.81	3	False
0	62.50	Bee023	37.36	24.81	4	False
0	62.50	Bee038	32.62	5.29	14	False
0	62.50	Bee060	30.86	18.92	13	True
0	62.50	Bee099	32.82	4.96	2	False
0	62.98	Bee050	49.33	19.38	12	False
0	62.98	Bee050	49.33	19.38	13	False
0	63.15	Bee008	44.98	9.67	13	False
0	63.15	Bee008	44.98	9.67	14	False
0	63.80	Bee066	30.49	21.60	2	True
0	64.00	Bee041	44.56	8.01	11	False
0	64.19	Bee080	32.78	35.13	7	False
0	64.19	Bee099	32.43	4.92	3	False
0	64.68	Bee019	48.98	20.12	13	False
0	64.90	Bee050	49.44	19.82	14	False
0	64.90	Bee050	49.44	19.82	15	False
0	64.90	Bee088	22.74	30.68	21	True
0	65.14	Bee027	19.24	10.39	6	False
0	65.14	Bee073	19.66	10.10	11	False
0	65.62	Bee013	32.70	17.75	6	True
0	65.62	Bee052	17.70	18.31	2	True
0	65.62	Bee052	17.70	18.31	3	True
0	66.13	Bee048	17.90	33.78	4	True
0	66.13	Bee048	17.90	33.78	5	True
0	66.13	Bee048	17.90	33.78	6	True
0	66.13	Bee048	17.90	33.78	7	True
0	66.13	Bee048	17.90	33.78	8	True
0	66.45	Bee021	37.15	25.14	9	False
0	66.45	Bee034	31.29	33.84	8	True
0	66.45	Bee034	31.29	33.84	9	True
0	66.45	Bee034	31.29	33.84	10	True
0	66.45	Bee035	33.35	32.61	6	True
0	66.74	Bee035	32.89	32.25	7	True
0	66.94	Bee036	36.12	24.16	11	True
0	66.94	Bee036	36.12	24.16	12	True
0	66.94	Bee036	36.12	24.16	13	True
0	66.94	Bee036	36.12	24.16	14	True
0	67.40	Bee047	16.60	22.42	10	True
0	67.40	Bee077	19.01	14.41	8	False
0	68.01	Bee003	40.89	1.17	7	False
0	68.01	Bee020	39.78	1.51	13	False
0	68.01	Bee029	49.30	6.06	8	False
0	68.01	Bee041	48.36	6.60	12	False
0	68.01	Bee041	48.36	6.60	13	False
0	68.33	Bee024	32.42	26.30	2	True
0	68.33	Bee024	32.42	26.30	3	True
0	68.53	Bee021	36.77	26.12	9	True
0	68.71	Bee073	17.08	9.65	12	False
0	68.71	Bee073	17.08	9.65	13	False
0	68.98	Bee039	21.80	36.36	2	True
0	69.19	Bee042	35.38	27.80	18	True
0	69.19	Bee043	12.89	25.73	1	False
0	69.49	Bee021	36.08	27.91	10	True
0	69.69	Bee020	40.10	1.28	14	False
0	69.69	Bee020	40.10	1.28	15	False
0	69.69	Bee029	49.12	6.40	9	False
0	70.10	Bee026	29.46	35.18	12	True
0	70.10	Bee026	29.46	35.18	13	True
0	70.10	Bee026	29.46	35.18	14	True
0	70.10	Bee097	30.00	35.43	13	True
0	70.10	Bee097	30.00	35.43	14	True
0	70.10	Bee097	30.00	35.43	15	True
0	70.40	Bee006	37.43	24.10	12	False
0	70.60	Bee003	40.55	0.97	8	False
0	70.60	Bee003	40.55	0.97	9	False
0	70.80	Bee083	18.74	35.01	8	True
0	70.96	Bee051	16.40	34.38	20	False
0	70.96	Bee051	16.40	34.38	21	False
0	70.96	Bee083	19.04	34.92	9	True
0	71.96	Bee020	40.21	1.46	16	False
0	72.59	Bee002	7.79	2.07	4	False
0	72.59	Bee058	7.31	1.68	3	False
0	72.96	Bee085	32.70	16.83	19	True
0	72.96	Bee085	32.70	16.83	20	True
0	72.96	Bee085	32.70	16.83	21	True
0	73.21	Bee038	36.50	21.92	15	False
0	73.21	Bee038	36.50	21.92	16	False
0	73.21	Bee038	36.50	21.92	17	False
0	73.48	Bee055	17.68	23.06	4	True
0	73.48	Bee063	13.95	42.70	17	False
0	73.48	Bee063	13.95	42.70	18	False
0	73.48	Bee081	13.91	43.38	8	False
0	73.48	Bee089	36.06	24.40	24	True
0	73.48	Bee089	36.06	24.40	25	True
0	73.48	Bee089	36.06	24.40	26	True
0	74.03	Bee002	7.76	1.87	5	False
0	74.03	Bee002	7.76	1.87	6	False
0	74.91	Bee063	13.80	42.85	19	False
0	74.91	Bee063	13.80	42.85	20	False
0	75.24	Bee020	38.56	5.18	17	False
0	75.24	Bee028	32.65	35.10	13	False
0	75.24	Bee033	36.13	22.41	18	True
0	75.24	Bee033	36.13	22.41	19	True
0	75.24	Bee033	36.13	22.41	20	True
0	75.24	Bee078	31.81	34.24	25	True
0	75.24	Bee091	17.03	33.29	10	True
0	75.70	Bee038	36.22	21.91	17	True
0	75.70	Bee038	36.22	21.91	18	True
0	75.70	Bee038	36.22	21.91	19	True
0	75.70	Bee094	32.85	17.30	16	True
0	75.70	Bee094	32.85	17.30	17	True
0	75.70	Bee094	32.85	17.30	18	True
0	75.70	Bee094	32.85	17.30	19	True
0	75.70	Bee094	32.85	17.30	20	True
0	76.45	Bee039	34.52	28.54	3	True
0	76.85	Bee071	34.81	23.22	4	True
0	77.21	Bee023	46.61	1.51	5	False
0	77.21	Bee087	37.44	21.64	2	False
0	77.46	Bee045	25.64	36.68	11	True
0	77.65	Bee011	30.20	34.91	11	True
0	77.65	Bee011	30.20	34.91	12	True
0	77.65	Bee011	30.20	34.91	13	True
0	77.65	Bee011	30.20	34.91	14	True
0	78.05	Bee049	30.20	34.36	5	True
0	78.40	Bee076	31.25	32.59	6	True
0	78.40	Bee076	31.25	32.59	7	True
0	78.92	Bee001	14.56	28.83	22	True
0	78.92	Bee001	14.56	28.83	23	True
0	78.92	Bee001	14.56	28.83	24	True
0	78.92	Bee023	46.30	1.12	6	False
0	78.92	Bee023	46.30	1.12	7	False
0	78.92	Bee070	16.23	32.23	9	True
0	78.92	Bee079	32.22	16.90	22	True
0	78.92	Bee079	32.22	16.90	23	True
0	78.92	Bee079	32.22	16.90	24	True
0	79.27	Bee006	39.97	10.06	13	False
0	79.54	Bee087	37.08	21.25	3	False
0	80.31	Bee045	23.70	31.34	12	True
0	80.60	Bee068	14.94	29.19	3	True
0	80.60	Bee068	14.94	29.19	4	True
0	80.60	Bee068	14.94	29.19	5	True
0	81.05	Bee023	46.53	0.86	8	False
0	81.05	Bee023	46.53	0.86	9	False
0	81.05	Bee023	46.53	0.86	10	False
0	81.05	Bee023	46.53	0.86	11	False
0	81.05	Bee031	33.33	23.73	8	True
0	81.05	Bee031	33.33	23.73	9	True
0	81.52	Bee009	25.63	14.02	8	True
0	81.52	Bee009	25.63	14.02	9	True
0	81.89	Bee081	14.13	30.71	9	False
0	81.89	Bee087	36.89	21.49	4	False
0	81.89	Bee087	36.89	21.49	5	False
0	82.08	Bee015	33.41	17.80	13	True
0	82.45	Bee057	31.71	16.65	11	True
0	82.45	Bee057	31.71	16.65	12	True
0	82.45	Bee065	35.84	23.96	15	True
0	82.89	Bee050	48.04	17.66	16	False
0	82.89	Bee099	48.89	16.72	4	False
0	83.27	Bee054	34.87	25.85	6	True
0	83.58	Bee092	15.76	23.30	2	True
0	84.00	Bee081	14.37	30.71	9	True
0	84.00	Bee081	14.37	30.71	10	True
0	84.00	Bee087	36.71	21.35	6	False
0	84.70	Bee099	48.79	16.89	5	False
0	85.15	Bee053	31.32	16.40	3	True
0	85.15	Bee053	31.32	16.40	4	True
0	85.15	Bee053	31.32	16.40	5	True
0	85.39	Bee038	36.24	22.40	20	True
0	85.58	Bee097	29.96	35.06	16	True
0	85.58	Bee097	29.96	35.06	17	True
0	85.58	Bee097	29.96	35.06	18	True
0	85.86	Bee041	27.55	13.37	13	True
0	86.03	Bee025	21.42	36.53	5	False
0	86.24	Bee087	36.45	21.68	7	False
0	86.24	Bee087	36.45	21.68	8	False
0	86.47	Bee021	35.27	27.58	11	True
0	86.47	Bee041	26.33	13.44	14	True
0	86.47	Bee081	14.34	30.26	11	True
0	86.47	Bee081	14.34	30.26	12	True
0	86.47	Bee081	14.34	30.26	13	True
0	86.75	Bee002	3.94	15.92	7	False
0	86.75	Bee004	4.56	16.36	12	False
0	87.11	Bee020	48.66	23.59	18	False
0	87.58	Bee090	33.88	24.23	9	True
0	87.74	Bee029	34.10	16.99	10	False
0	87.90	Bee077	14.54	8.35	9	False
0	88.49	Bee004	4.42	16.17	13	False
0	88.49	Bee087	36.28	21.52	8	True
0	88.83	Bee000	21.36	30.76	15	True
0	89.47	Bee029	33.89	16.83	11	False
0	89.47	Bee029	33.89	16.83	12	False
0	89.92	Bee032	20.72	20.75	6	True
0	90.24	Bee083	18.94	34.59	10	True
0	90.42	Bee087	33.44	18.90	9	True
0	90.76	Bee081	14.61	30.28	14	True
0	90.76	Bee081	14.61	30.28	15	True
0	91.33	Bee082	35.06	22.51	4	True
0	91.49	Bee004	2.10	17.13	14	False
0	91.68	Bee027	13.68	17.24	7	False
0	91.68	Bee029	33.67	17.13	12	True
0	91.68	Bee029	33.67	17.13	13	True
0	91.68	Bee029	33.67	17.13	14	True
0	91.68	Bee029	33.67	17.13	15	True
0	91.68	Bee029	33.67	17.13	16	True
0	91.97	Bee022	17.02	19.03	4	True
0	91.97	Bee022	17.02	19.03	5	True
0	92.36	Bee073	14.76	18.58	13	True
0	92.63	Bee019	26.93	36.72	13	True
0	92.90	Bee056	35.77	24.98	19	True
0	93.12	Bee099	34.63	17.61	6	False
0	93.12	Bee099	34.63	17.61	7	False
0	93.52	Bee002	1.20	17.54	8	False
0	93.52	Bee002	1.20	17.54	9	False
0	93.68	Bee044	18.39	20.45	5	True
0	93.68	Bee044	18.39	20.45	6	True
0	94.06	Bee043	14.28	48.40	2	False
0	94.29	Bee075	19.18	20.24	6	True
0	94.29	Bee075	19.18	20.24	7	True
0	94.50	Bee059	15.10	30.14	15	True
0	94.50	Bee077	24.04	13.07	9	True
0	94.87	Bee077	24.69	13.40	10	True
0	95.25	Bee019	23.96	32.40	14	True
0	95.25	Bee019	23.96	32.40	15	True
0	95.48	Bee099	34.68	18.07	7	True
0	95.70	Bee033	35.75	22.62	21	True
0	95.70	Bee033	35.75	22.62	22	True
0	95.70	Bee040	15.98	20.19	11	True
0	95.70	Bee078	31.52	33.92	26	True
0	95.70	Bee099	34.73	18.50	8	True
0	96.15	Bee020	35.91	29.17	18	True
0	96.43	Bee020	35.40	29.39	19	True
0	96.72	Bee029	33.24	16.74	17	True
0	96.72	Bee029	33.24	16.74	18	True
0	96.96	Bee046	15.34	27.48	3	True
0	96.96	Bee073	14.08	27.75	14	True
0	96.96	Bee073	14.08	27.75	15	True
0	96.96	Bee073	14.08	27.75	16	True
0	96.96	Bee086	33.27	25.44	10	True
0	97.30	Bee006	48.93	8.01	14	False
0	97.63	Bee023	35.99	20.95	11	True
0	97.63	Bee041	26.51	14.08	15	True
0	97.63	Bee041	26.51	14.08	16	True
0	97.94	Bee023	35.62	21.45	12	True
0	97.94	Bee023	35.62	21.45	13	True
0	97.94	Bee023	35.62	21.45	14	True
0	97.94	Bee048	18.50	33.59	9	True
0	98.51	Bee012	14.91	28.56	13	True
0	98.51	Bee012	14.91	28.56	14	True
0	98.51	Bee091	17.53	33.21	11	True
0	98.85	Bee069	35.07	31.01	10	True
0	99.01	Bee018	14.64	28.87	20	True
0	99.01	Bee018	14.64	28.87	21	True
0	99.01	Bee018	14.64	28.87	22	True
0	99.01	Bee018	14.64	28.87	23	True
0	99.01	Bee095	25.26	14.79	4	True
0	99.63	Bee036	35.88	24.08	15	True
0	99.63	Bee067	35.61	24.32	10	True
0	99.63	Bee067	35.61	24.32	11	True
