Run	Time	Name	X_pos	Y_pos	State	Delay	OnCue
0	0.02	Bee010	30.46	19.50	0	58.06007	True
0	0.02	Bee011	39.49	49.46	0	0	False
0	0.02	Bee011	39.49	49.46	0	0	False
0	0.02	Bee038	14.52	11.46	0	0	False
0	0.02	Bee040	13.53	1.53	0	0	False
0	0.02	Bee041	15.47	11.53	0	0	False
0	0.02	Bee045	6.46	48.49	0	0	False
0	0.02	Bee072	29.53	20.47	0	58.90559	True
0	0.02	Bee090	6.51	47.54	0	0	False
0	0.35	Bee006	40.19	39.66	0	0	False
0	0.35	Bee019	14.61	1.80	0	0	False
0	0.35	Bee030	22.54	11.21	0	0	False
0	0.35	Bee082	47.16	13.25	0	0	False
0	0.40	Bee060	42.86	1.79	0	0	False
0	0.41	Bee003	21.81	12.07	0	0	False
0	0.41	Bee014	10.92	36.92	0	0	False
0	0.41	Bee014	10.92	36.92	0	0	False
0	0.41	Bee037	30.31	33.63	0	51.34074	True
0	0.41	Bee049	30.02	34.84	0	36.92308	True
0	0.41	Bee055	11.02	36.12	0	0	False
0	0.41	Bee067	47.84	13.76	0	0	False
0	0.41	Bee084	18.92	17.20	0	53.40659	True
0	0.48	Bee093	24.97	15.71	0	55.57	True
0	0.50	Bee025	7.84	28.43	0	0	False
0	0.50	Bee001	8.50	29.50	0	0	False
0	0.50	Bee095	25.14	14.44	0	46.25114	True
0	0.51	Bee000	14.50	46.32	0	0	False
0	0.60	Bee031	42.55	17.92	0	0	False
0	0.60	Bee083	42.19	16.66	0	0	False
0	0.61	Bee050	15.12	47.66	0	0	False
0	0.65	Bee029	6.16	33.25	0	0	False
0	0.65	Bee059	4.79	33.23	0	0	False
0	0.65	Bee059	4.79	33.23	0	0	False
0	0.65	Bee081	3.50	32.81	0	0	False
0	0.90	Bee053	31.40	16.06	0	37.62029	True
0	0.94	Bee005	30.35	16.82	0	53.2743	True
0	1.02	Bee046	14.64	28.34	0	42.35813	True
0	1.07	Bee068	14.67	29.54	0	33.03371	True
0	1.14	Bee069	47.81	45.37	0	0	False
0	1.20	Bee051	13.41	47.37	0	0	False
0	1.20	Bee026	42.34	46.55	0	0	False
0	1.20	Bee062	12.66	46.55	0	0	False
0	1.20	Bee088	41.62	47.37	0	0	False
0	1.20	Bee088	41.62	47.37	0	0	False
0	1.36	Bee040	13.53	1.54	0	0	False
0	1.43	Bee067	47.84	13.75	0	0	False
0	1.50	Bee096	32.71	16.52	0	15.91477	True
0	1.50	Bee006	40.28	39.84	0	0	False
0	1.50	Bee075	41.51	40.19	0	0	False
0	1.66	Bee008	46.53	14.15	0	0	False
0	1.76	Bee045	6.46	48.48	0	0	False
0	1.88	Bee000	14.70	46.56	0	0	False
0	1.92	Bee001	8.49	29.49	0	0	False
0	1.96	Bee038	14.53	11.47	0	0	False
0	1.96	Bee041	15.46	11.52	0	0	False
0	1.96	Bee076	48.69	47.61	0	0	False
0	1.96	Bee090	6.50	47.54	0	0	False
0	1.98	Bee013	48.98	16.83	0	0	False
0	1.99	Bee044	18.59	42.21	0	0	False
0	2.00	Bee027	17.57	43.07	0	0	False
0	2.01	Bee019	14.60	1.80	0	0	False
0	2.20	Bee042	11.28	46.77	0	0	False
0	2.22	Bee026	42.34	46.55	0	0	False
0	2.22	Bee062	12.66	46.56	0	0	False
0	2.22	Bee088	41.62	47.37	0	0	False
0	2.22	Bee050	15.12	47.66	0	0	False
0	2.25	Bee002	9.75	37.60	0	0	False
0	2.26	Bee029	6.16	33.25	0	0	False
0	2.28	Bee014	10.84	37.01	0	0	False
0	2.34	Bee023	45.18	27.13	0	0	False
0	2.35	Bee032	16.03	46.95	0	0	False
0	2.37	Bee040	13.53	1.54	0	0	False
0	2.41	Bee031	42.55	17.91	0	0	False
0	2.47	Bee060	44.58	1.70	0	0	False
0	2.47	Bee083	42.30	16.69	0	0	False
0	2.50	Bee024	23.88	29.31	0	59.40509	True
0	2.50	Bee043	22.77	30.04	0	59.21132	True
0	2.61	Bee051	13.42	47.37	0	0	False
0	2.61	Bee057	32.11	15.03	0	0	False
0	2.71	Bee006	40.29	39.84	0	0	False
0	2.91	Bee066	30.62	21.33	0	58.75231	True
0	2.95	Bee075	41.50	40.11	0	0	False
0	2.97	Bee090	6.50	47.55	0	0	False
0	2.97	Bee090	6.50	47.55	0	0	False
0	3.00	Bee044	18.59	42.21	0	0	False
0	3.04	Bee067	47.84	13.76	0	0	False
0	3.07	Bee008	46.53	14.14	0	0	False
0	3.18	Bee038	14.53	11.46	0	0	False
0	3.18	Bee076	48.69	47.61	0	0	False
0	3.21	Bee079	32.61	13.86	0	0	False
0	3.22	Bee001	8.46	29.30	0	0	False
0	3.29	Bee016	9.11	28.27	0	0	False
0	3.41	Bee027	17.57	43.07	0	0	False
0	3.42	Bee019	14.60	1.79	0	0	False
0	3.43	Bee088	41.63	47.36	0	0	False
0	3.48	Bee060	44.58	1.71	0	0	False
0	3.49	Bee000	14.70	46.57	0	0	False
0	3.57	Bee045	6.45	48.48	0	0	False
0	3.59	Bee013	48.98	16.83	0	0	False
0	3.63	Bee062	12.65	46.56	0	0	False
0	3.68	Bee083	42.31	16.70	0	0	False
0	3.75	Bee006	40.33	39.79	0	0	False
0	3.75	Bee070	11.19	27.51	0	0	False
0	3.76	Bee012	10.66	28.77	0	0	False
0	3.81	Bee042	11.28	46.77	0	0	False
0	3.82	Bee031	42.54	17.91	0	0	False
0	3.83	Bee050	15.12	47.66	0	0	False
0	3.83	Bee050	15.12	47.66	0	0	False
0	3.96	Bee077	24.39	1.22	0	0	False
0	3.98	Bee040	13.53	1.54	0	0	False
0	4.03	Bee026	42.34	46.55	0	0	False
0	4.03	Bee009	38.17	1.01	0	0	False
0	4.09	Bee014	10.84	37.00	0	0	False
0	4.16	Bee032	16.03	46.96	0	0	False
0	4.25	Bee007	7.91	14.21	0	0	False
0	4.27	Bee074	9.06	14.90	0	0	False
0	4.30	Bee016	9.11	28.28	0	0	False
0	4.33	Bee091	19.88	38.82	0	0	False
0	4.35	Bee054	20.96	39.55	0	0	False
0	4.38	Bee090	6.50	47.55	0	0	False
0	4.42	Bee057	32.11	15.03	0	0	False
0	4.44	Bee088	41.63	47.36	0	0	False
0	4.44	Bee088	41.63	47.36	0	0	False
0	4.45	Bee067	47.83	13.75	0	0	False
0	4.49	Bee060	44.59	1.71	0	0	False
0	4.62	Bee051	13.72	47.65	0	0	False
0	4.63	Bee019	14.59	1.79	0	0	False
0	4.70	Bee036	46.16	21.12	0	0	False
0	4.70	Bee089	45.02	20.53	0	0	False
0	4.77	Bee085	23.21	0.95	0	0	False
0	4.82	Bee079	32.60	13.86	0	0	False
0	4.84	Bee062	12.65	46.56	0	0	False
0	4.89	Bee083	42.30	16.70	0	0	False
0	4.90	Bee071	39.45	0.57	0	0	False
0	4.95	Bee063	39.45	45.08	0	0	False
0	5.02	Bee011	38.40	45.90	0	0	False
0	5.03	Bee013	48.99	16.76	0	0	False
0	5.04	Bee026	42.34	46.56	0	0	False
0	5.04	Bee050	15.12	47.65	0	0	False
0	5.04	Bee050	15.12	47.65	0	0	False
0	5.05	Bee061	1.24	36.17	0	0	False
0	5.24	Bee042	11.32	46.78	0	0	False
0	5.30	Bee000	14.70	46.57	0	0	False
0	5.36	Bee070	11.18	27.51	0	0	False
0	5.37	Bee012	10.66	28.76	0	0	False
0	5.43	Bee031	42.54	17.91	0	0	False
0	5.44	Bee009	38.18	1.01	0	0	False
0	5.50	Bee060	44.59	1.71	0	0	False
0	5.55	Bee040	13.47	1.22	0	0	False
0	5.57	Bee077	24.39	1.21	0	0	False
0	5.65	Bee088	41.63	47.35	0	0	False
0	5.69	Bee007	7.96	14.26	0	0	False
0	5.71	Bee089	45.03	20.53	0	0	False
0	5.72	Bee074	8.97	14.95	0	0	False
0	5.89	Bee058	23.85	14.00	0	36.19992	True
0	6.05	Bee019	14.33	1.96	0	0	False
0	6.28	Bee001	6.00	29.74	0	0	False
0	6.28	Bee004	6.82	8.33	0	0	False
0	6.28	Bee004	6.82	8.33	0	0	False
0	6.28	Bee022	6.81	20.01	0	0	False
0	6.28	Bee073	7.01	7.81	0	0	False
0	6.28	Bee076	45.26	49.23	0	0	False
0	6.28	Bee079	32.40	14.26	0	0	False
0	6.28	Bee090	6.24	47.93	0	0	False
0	6.28	Bee099	6.97	19.38	0	0	False
0	6.76	Bee015	48.99	16.34	0	0	False
0	6.76	Bee015	48.99	16.34	0	0	False
0	6.76	Bee015	48.99	16.34	0	0	False
0	6.76	Bee017	1.83	28.82	0	0	False
0	6.76	Bee042	12.15	46.29	0	0	False
0	6.76	Bee042	12.15	46.29	0	0	False
0	6.76	Bee047	1.46	37.36	0	0	False
0	6.76	Bee057	32.62	15.84	0	0	False
0	6.76	Bee057	32.62	15.84	0	0	False
0	6.76	Bee064	33.28	15.38	0	0	False
0	7.15	Bee000	14.40	47.29	0	0	False
0	7.15	Bee008	41.38	12.67	0	0	False
0	7.15	Bee018	1.35	30.88	0	0	False
0	7.15	Bee018	1.35	30.88	0	0	False
0	7.15	Bee040	12.73	0.97	0	0	False
0	7.15	Bee083	42.89	17.23	0	0	False
0	7.51	Bee026	41.64	46.69	0	0	False
0	7.51	Bee031	43.19	17.62	0	0	False
0	7.51	Bee061	3.45	35.10	0	0	False
0	7.51	Bee062	12.12	47.96	0	0	False
0	7.74	Bee011	36.49	46.36	0	0	False
0	7.74	Bee011	36.49	46.36	0	0	False
0	7.74	Bee030	33.94	12.58	0	0	False
0	7.74	Bee030	33.94	12.58	0	0	False
0	7.74	Bee077	23.97	1.43	0	0	False
0	7.74	Bee086	36.26	46.51	0	0	False
0	7.74	Bee094	33.86	13.54	0	0	False
0	8.39	Bee012	13.90	29.24	0	4.495837	True
0	8.39	Bee012	13.90	29.24	0	4.495837	True
0	8.39	Bee012	13.90	29.24	0	4.495837	True
0	8.39	Bee025	1.12	32.24	0	0	False
0	8.39	Bee025	1.12	32.24	0	0	False
0	8.39	Bee038	14.08	3.06	0	0	False
0	8.39	Bee045	3.50	47.03	0	0	False
0	8.39	Bee055	22.04	29.75	0	59.16383	True
0	8.39	Bee055	22.04	29.75	0	59.16383	True
0	8.39	Bee063	37.02	45.53	0	0	False
0	8.39	Bee067	41.98	13.23	0	0	False
0	8.39	Bee069	42.45	47.21	0	0	False
0	8.39	Bee078	35.67	47.75	0	0	False
0	9.12	Bee001	5.53	28.36	0	0	False
0	9.12	Bee032	23.13	47.18	0	0	False
0	9.12	Bee032	23.13	47.18	0	0	False
0	9.12	Bee039	6.70	47.64	0	0	False
0	9.12	Bee070	13.58	29.67	0	0	False
0	9.12	Bee070	13.58	29.67	0	0	False
0	9.12	Bee079	33.59	15.10	0	0	False
0	9.12	Bee079	33.59	15.10	0	0	False
0	9.59	Bee051	12.03	48.41	0	0	False
0	9.59	Bee051	12.03	48.41	0	0	False
0	9.59	Bee051	12.03	48.41	0	0	False
0	9.59	Bee052	17.97	18.08	0	53.78174	True
0	9.59	Bee057	31.77	16.22	0	32.17068	True
0	9.59	Bee057	31.77	16.22	0	32.17068	True
0	9.59	Bee057	31.77	16.22	0	32.17068	True
0	9.98	Bee004	8.28	11.16	0	0	False
0	9.98	Bee004	8.28	11.16	0	0	False
0	9.98	Bee017	1.99	27.10	0	0	False
0	9.98	Bee017	1.99	27.10	0	0	False
0	9.98	Bee041	22.97	1.62	0	0	False
0	9.98	Bee073	6.88	11.00	0	0	False
0	9.98	Bee074	7.56	10.69	0	0	False
0	9.98	Bee074	7.56	10.69	0	0	False
0	9.98	Bee074	7.56	10.69	0	0	False
0	9.98	Bee081	1.51	36.76	0	0	False
0	9.98	Bee081	1.51	36.76	0	0	False
0	10.44	Bee018	3.39	32.56	0	0	False
0	10.44	Bee018	3.39	32.56	0	0	False
0	10.44	Bee061	3.24	32.47	0	0	False
0	10.44	Bee094	33.99	14.44	0	0	False
0	10.78	Bee003	7.71	23.10	0	0	False
0	10.78	Bee029	2.55	19.90	0	0	False
0	10.78	Bee063	36.86	46.18	0	0	False
0	10.78	Bee063	36.86	46.18	0	0	False
0	10.78	Bee086	35.86	45.98	0	0	False
0	10.78	Bee086	35.86	45.98	0	0	False
0	11.13	Bee007	13.05	9.09	0	0	False
0	11.13	Bee031	41.86	14.84	0	0	False
0	11.13	Bee033	48.05	6.35	0	0	False
0	11.13	Bee069	41.15	47.67	0	0	False
0	11.13	Bee071	47.97	6.11	0	0	False
0	11.13	Bee079	33.54	15.81	0	0	False
0	11.50	Bee026	41.08	42.91	0	0	False
0	11.50	Bee035	41.90	43.50	0	0	False
0	11.50	Bee062	7.36	47.98	0	0	False
0	11.50	Bee062	7.36	47.98	0	0	False
0	11.50	Bee078	36.16	47.20	0	0	False
0	11.50	Bee090	10.97	48.44	0	0	False
0	11.87	Bee028	40.99	41.57	0	0	False
0	11.87	Bee059	0.51	31.90	0	0	False
0	11.87	Bee070	14.02	29.08	0	11.02041	True
0	11.87	Bee070	14.02	29.08	0	11.02041	True
0	12.14	Bee014	0.61	39.23	0	0	False
0	12.14	Bee014	0.61	39.23	0	0	False
0	12.14	Bee014	0.61	39.23	0	0	False
0	12.14	Bee014	0.61	39.23	0	0	False
0	12.14	Bee041	22.67	1.17	0	0	False
0	12.14	Bee047	0.91	39.23	0	0	False
0	12.14	Bee047	0.91	39.23	0	0	False
0	12.14	Bee047	0.91	39.23	0	0	False
0	12.14	Bee051	11.68	48.82	0	0	False
0	12.14	Bee089	47.42	31.02	0	0	False
0	12.14	Bee098	47.52	31.59	0	0	False
0	12.67	Bee020	44.91	14.29	0	0	False
0	12.67	Bee042	7.67	40.79	0	0	False
0	12.91	Bee061	4.62	31.78	0	0	False
0	12.91	Bee061	4.62	31.78	0	0	False
0	12.91	Bee073	7.34	10.84	0	0	False
0	12.91	Bee086	36.16	45.60	0	0	False
0	12.91	Bee094	33.51	14.48	0	0	False
0	13.38	Bee062	7.20	48.33	0	0	False
0	13.38	Bee078	36.00	46.86	0	0	False
0	13.60	Bee069	41.35	48.47	0	0	False
0	13.60	Bee079	33.10	15.75	0	0	False
0	13.78	Bee028	40.81	41.89	0	0	False
0	13.78	Bee083	37.90	25.10	0	0	False
0	14.02	Bee085	35.01	5.65	0	0	False
0	14.23	Bee089	47.08	31.26	0	0	False
0	14.42	Bee076	45.78	38.63	0	0	False
0	14.42	Bee097	45.97	37.95	0	0	False
0	14.65	Bee014	0.97	38.97	0	0	False
0	14.65	Bee094	33.33	14.88	0	0	False
0	14.86	Bee098	47.53	31.16	0	0	False
0	15.03	Bee012	13.90	28.89	0	9.832776	True
0	15.03	Bee056	39.00	24.90	0	0	False
0	15.03	Bee062	6.86	48.35	0	0	False
0	15.03	Bee078	36.22	46.59	0	0	False
0	15.03	Bee080	41.02	49.04	0	0	False
0	15.03	Bee080	41.02	49.04	0	0	False
0	15.35	Bee033	44.68	2.83	0	0	False
0	15.35	Bee060	45.46	2.29	0	0	False
0	15.35	Bee063	41.58	47.41	0	0	False
0	15.35	Bee086	36.64	46.02	0	0	False
0	15.66	Bee019	25.37	11.42	0	0	False
0	15.85	Bee079	33.07	16.14	0	0	False
0	15.85	Bee079	33.07	16.14	0	0	False
0	15.85	Bee079	33.07	16.14	0	0	False
0	16.07	Bee009	25.10	13.15	0	0.9448819	True
0	16.07	Bee029	7.07	13.46	0	0	False
0	16.35	Bee011	31.33	34.72	0	12.2293	True
0	16.35	Bee016	0.92	26.54	0	0	False
0	16.35	Bee054	36.22	24.85	0	27.40902	True
0	16.35	Bee073	8.11	13.37	0	0	False
0	16.35	Bee083	36.64	24.53	0	7.552447	True
0	16.71	Bee003	12.28	29.16	0	0	False
0	16.71	Bee006	47.44	46.63	0	0	False
0	16.71	Bee035	48.38	46.24	0	0	False
0	16.71	Bee062	6.44	48.92	0	0	False
0	16.71	Bee062	6.44	48.92	0	0	False
0	16.71	Bee067	35.90	24.19	0	36.92308	True
0	16.71	Bee067	35.90	24.19	0	36.92308	True
0	16.71	Bee094	33.88	15.33	0	0	False
0	17.07	Bee018	13.44	29.83	0	0	False
0	17.07	Bee018	13.44	29.83	0	0	False
0	17.07	Bee042	1.59	41.30	0	0	False
0	17.07	Bee042	1.59	41.30	0	0	False
0	17.07	Bee075	39.65	32.07	0	0	False
0	17.43	Bee014	1.77	40.17	0	0	False
0	17.43	Bee056	37.56	24.97	0	0	False
0	17.43	Bee056	37.56	24.97	0	0	False
0	17.43	Bee064	39.17	32.47	0	0	False
0	17.69	Bee061	2.07	27.12	0	0	False
0	17.69	Bee086	36.31	46.42	0	0	False
0	17.90	Bee004	15.18	3.31	0	0	False
0	17.90	Bee004	15.18	3.31	0	0	False
0	17.90	Bee041	15.09	2.77	0	0	False
0	17.90	Bee041	15.09	2.77	0	0	False
0	17.90	Bee050	33.24	44.70	0	0	False
0	18.15	Bee016	0.91	27.06	0	0	False
0	18.15	Bee016	0.91	27.06	0	0	False
0	18.15	Bee027	28.20	45.74	0	0	False
0	18.15	Bee063	41.17	48.25	0	0	False
0	18.15	Bee065	37.52	23.82	0	0	False
0	18.15	Bee065	37.52	23.82	0	0	False
0	18.15	Bee079	32.56	16.09	0	5.454545	True
0	18.15	Bee079	32.56	16.09	0	5.454545	True
0	18.15	Bee079	32.56	16.09	0	5.454545	True
0	18.65	Bee007	23.43	13.97	0	34.67286	True
0	18.65	Bee007	23.43	13.97	0	34.67286	True
0	18.65	Bee007	23.43	13.97	0	34.67286	True
0	18.65	Bee007	23.43	13.97	0	34.67286	True
0	18.65	Bee073	7.30	13.93	0	0	False
0	18.92	Bee000	30.26	43.77	0	0	False
0	18.92	Bee000	30.26	43.77	0	0	False
0	18.92	Bee003	12.76	28.93	0	0	False
0	18.92	Bee003	12.76	28.93	0	0	False
0	18.92	Bee018	13.57	29.31	0	0	False
0	18.92	Bee018	13.57	29.31	0	0	False
0	18.92	Bee018	13.57	29.31	0	0	False
0	18.92	Bee026	30.49	43.82	0	0	False
0	18.92	Bee089	41.26	28.34	0	0	False
0	18.92	Bee094	33.62	15.81	0	0	False
0	19.29	Bee009	25.62	13.68	0	26.36771	True
0	19.29	Bee028	46.58	46.29	0	0	False
0	19.29	Bee028	46.58	46.29	0	0	False
0	19.29	Bee031	31.56	20.65	0	57.94689	True
0	19.29	Bee045	3.03	45.26	0	0	False
0	19.29	Bee056	37.17	24.34	0	0	False
0	19.29	Bee056	37.17	24.34	0	0	False
0	19.29	Bee056	37.17	24.34	0	0	False
0	19.29	Bee056	37.17	24.34	0	0	False
0	19.71	Bee039	6.50	48.51	0	0	False
0	19.71	Bee042	1.71	42.14	0	0	False
0	19.71	Bee064	40.01	32.34	0	0	False
0	19.71	Bee096	31.86	16.50	0	37.62029	True
0	19.71	Bee096	31.86	16.50	0	37.62029	True
0	20.04	Bee051	1.49	43.25	0	0	False
0	20.25	Bee041	13.73	1.42	0	0	False
0	20.25	Bee075	40.15	30.22	0	0	False
0	20.25	Bee085	34.22	14.79	0	0	False
0	20.25	Bee098	40.52	30.22	0	0	False
0	20.25	Bee098	40.52	30.22	0	0	False
0	20.51	Bee040	13.33	0.42	0	0	False
0	20.51	Bee063	41.60	48.57	0	0	False
0	20.51	Bee063	41.60	48.57	0	0	False
0	20.51	Bee065	37.06	23.54	0	0	False
0	20.76	Bee004	14.03	2.44	0	0	False
0	20.76	Bee014	3.25	38.68	0	0	False
0	20.76	Bee029	2.80	10.47	0	0	False
0	20.76	Bee074	2.61	11.36	0	0	False
0	20.76	Bee074	2.61	11.36	0	0	False
0	20.76	Bee094	33.12	15.81	0	0	False
0	20.76	Bee094	33.12	15.81	0	0	False
0	21.09	Bee013	32.62	17.40	0	42.35813	True
0	21.09	Bee013	32.62	17.40	0	42.35813	True
0	21.09	Bee062	3.05	46.19	0	0	False
0	21.09	Bee078	40.35	48.74	0	0	False
0	21.09	Bee097	42.55	47.86	0	0	False
0	21.44	Bee018	14.25	29.48	0	12.2293	True
0	21.44	Bee018	14.25	29.48	0	12.2293	True
0	21.44	Bee018	14.25	29.48	0	12.2293	True
0	21.44	Bee018	14.25	29.48	0	12.2293	True
0	21.44	Bee045	4.37	45.10	0	0	False
0	21.44	Bee045	4.37	45.10	0	0	False
0	21.44	Bee086	39.01	48.58	0	0	False
0	21.44	Bee089	40.34	29.33	0	0	False
0	21.44	Bee089	40.34	29.33	0	0	False
0	21.88	Bee036	38.50	20.17	0	0	False
0	22.09	Bee000	32.69	45.76	0	0	False
0	22.09	Bee000	32.69	45.76	0	0	False
0	22.09	Bee034	33.36	45.43	0	0	False
0	22.09	Bee038	35.80	5.96	0	0	False
0	22.09	Bee041	13.90	1.05	0	0	False
0	22.09	Bee041	13.90	1.05	0	0	False
0	22.09	Bee042	1.30	42.18	0	0	False
0	22.09	Bee042	1.30	42.18	0	0	False
0	22.09	Bee042	1.30	42.18	0	0	False
0	22.09	Bee056	36.91	24.65	0	0	False
0	22.09	Bee056	36.91	24.65	0	0	False
0	22.09	Bee056	36.91	24.65	0	0	False
0	22.09	Bee080	41.31	49.34	0	0	False
0	22.61	Bee019	35.74	7.56	0	0	False
0	22.61	Bee033	34.60	7.39	0	0	False
0	22.61	Bee033	34.60	7.39	0	0	False
0	22.61	Bee069	42.50	48.42	0	0	False
0	22.61	Bee069	42.50	48.42	0	0	False
0	22.61	Bee069	42.50	48.42	0	0	False
0	22.61	Bee069	42.50	48.42	0	0	False
0	22.95	Bee063	41.18	49.11	0	0	False
0	22.95	Bee065	36.72	24.14	0	2.802669	True
0	22.95	Bee065	36.72	24.14	0	2.802669	True
0	22.95	Bee065	36.72	24.14	0	2.802669	True
0	22.95	Bee065	36.72	24.14	0	2.802669	True
0	22.95	Bee065	36.72	24.14	0	2.802669	True
0	22.95	Bee073	3.88	10.46	0	0	False
0	22.95	Bee078	40.99	48.97	0	0	False
0	22.95	Bee078	40.99	48.97	0	0	False
0	22.95	Bee078	40.99	48.97	0	0	False
0	22.95	Bee078	40.99	48.97	0	0	False
0	22.95	Bee078	40.99	48.97	0	0	False
0	22.95	Bee085	33.58	14.57	0	0	False
0	22.95	Bee097	41.89	48.01	0	0	False
0	22.95	Bee097	41.89	48.01	0	0	False
0	23.56	Bee044	3.44	12.75	0	0	False
0	23.56	Bee074	2.81	13.24	0	0	False
0	23.56	Bee074	2.81	13.24	0	0	False
0	23.56	Bee074	2.81	13.24	0	0	False
0	23.56	Bee086	40.18	48.28	0	0	False
0	23.56	Bee094	33.20	17.02	0	17.14286	True
0	23.56	Bee094	33.20	17.02	0	17.14286	True
0	23.96	Bee048	17.76	34.13	0	15.91477	True
0	23.96	Bee076	31.10	32.85	0	52.232	True
0	24.17	Bee016	7.95	32.52	0	0	False
0	24.17	Bee032	29.69	21.94	0	59.13848	True
0	24.17	Bee071	35.01	23.38	0	50.73502	True
0	24.45	Bee045	4.02	44.18	0	0	False
0	24.67	Bee000	32.96	45.41	0	0	False
0	24.67	Bee000	32.96	45.41	0	0	False
0	24.67	Bee000	32.96	45.41	0	0	False
0	24.67	Bee034	32.93	45.42	0	0	False
0	24.67	Bee034	32.93	45.42	0	0	False
0	24.67	Bee034	32.93	45.42	0	0	False
0	24.67	Bee056	36.58	24.36	0	7.552447	True
0	24.67	Bee056	36.58	24.36	0	7.552447	True
0	24.67	Bee056	36.58	24.36	0	7.552447	True
0	25.30	Bee026	29.80	35.43	0	18.36225	True
0	25.30	Bee026	29.80	35.43	0	18.36225	True
0	25.30	Bee036	37.44	23.50	0	0	False
0	25.30	Bee042	1.54	43.87	0	0	False
0	25.30	Bee060	34.40	15.46	0	0	False
0	25.30	Bee063	39.91	49.02	0	0	False
0	25.30	Bee078	42.03	48.23	0	0	False
0	25.30	Bee078	42.03	48.23	0	0	False
0	25.30	Bee085	32.55	15.32	0	0	False
0	25.30	Bee085	32.55	15.32	0	0	False
0	25.30	Bee085	32.55	15.32	0	0	False
0	25.78	Bee070	14.44	29.94	0	13.45229	True
0	25.97	Bee033	35.50	9.84	0	0	False
0	25.97	Bee074	3.18	13.20	0	0	False
0	25.97	Bee077	25.01	12.92	0	0	False
0	25.97	Bee079	32.53	16.46	0	23.07692	True
0	25.97	Bee079	32.53	16.46	0	23.07692	True
0	25.97	Bee079	32.53	16.46	0	23.07692	True
0	25.97	Bee079	32.53	16.46	0	23.07692	True
0	26.47	Bee015	37.36	30.31	0	0	False
0	26.47	Bee050	37.75	31.07	0	0	False
0	26.47	Bee081	2.73	38.42	0	0	False
0	26.47	Bee088	48.23	28.94	0	0	False
0	26.70	Bee038	36.23	1.48	0	0	False
0	27.04	Bee042	1.82	44.02	0	0	False
0	27.04	Bee045	2.51	44.48	0	0	False
0	27.04	Bee047	13.09	30.09	0	0	False
0	27.27	Bee008	36.35	8.92	0	0	False
0	27.27	Bee078	42.43	48.43	0	0	False
0	27.50	Bee012	14.37	28.97	0	30.35573	True
0	27.50	Bee012	14.37	28.97	0	30.35573	True
0	27.50	Bee012	14.37	28.97	0	30.35573	True
0	27.50	Bee012	14.37	28.97	0	30.35573	True
0	27.74	Bee064	41.48	43.96	0	0	False
0	27.74	Bee085	32.80	15.72	0	0	False
0	27.74	Bee085	32.80	15.72	0	0	False
0	27.74	Bee097	42.49	44.14	0	0	False
0	28.02	Bee036	36.94	23.26	0	0	False
0	28.02	Bee065	36.28	23.80	0	19.56873	True
0	28.02	Bee065	36.28	23.80	0	19.56873	True
0	28.27	Bee033	35.98	9.69	0	0	False
0	28.27	Bee038	35.84	1.17	0	0	False
0	28.47	Bee051	0.93	43.81	0	0	False
0	28.63	Bee025	28.80	35.88	0	14.68278	True
0	28.63	Bee042	2.08	43.84	0	0	False
0	28.63	Bee077	24.28	12.89	0	0	False
0	28.97	Bee008	36.47	9.14	0	0	False
0	28.97	Bee008	36.47	9.14	0	0	False
0	28.97	Bee098	42.07	42.86	0	0	False
0	29.40	Bee045	2.28	43.66	0	0	False
0	29.58	Bee064	41.84	44.05	0	0	False
0	29.58	Bee064	41.84	44.05	0	0	False
0	29.58	Bee064	41.84	44.05	0	0	False
0	29.58	Bee090	34.10	24.42	0	55.84948	True
0	29.88	Bee080	42.13	48.79	0	0	False
0	29.88	Bee089	48.60	38.92	0	0	False
0	30.11	Bee085	32.41	15.94	0	4.495837	True
0	30.11	Bee085	32.41	15.94	0	4.495837	True
0	30.11	Bee085	32.41	15.94	0	4.495837	True
0	30.11	Bee085	32.41	15.94	0	4.495837	True
0	30.51	Bee036	36.63	23.99	0	6.47636	True
0	30.51	Bee036	36.63	23.99	0	6.47636	True
0	30.51	Bee036	36.63	23.99	0	6.47636	True
0	30.51	Bee081	1.07	41.78	0	0	False
0	30.51	Bee087	10.44	5.46	0	0	False
0	30.88	Bee004	1.17	12.85	0	0	False
0	30.88	Bee004	1.17	12.85	0	0	False
0	30.88	Bee011	30.67	35.06	0	11.02041	True
0	30.88	Bee011	30.67	35.06	0	11.02041	True
0	30.88	Bee011	30.67	35.06	0	11.02041	True
0	30.88	Bee051	0.88	43.07	0	0	False
0	30.88	Bee051	0.88	43.07	0	0	False
0	30.88	Bee078	44.17	45.60	0	0	False
0	30.88	Bee092	17.83	32.92	0	45.87903	True
0	31.35	Bee077	24.43	13.82	0	31.27812	True
0	31.35	Bee077	24.43	13.82	0	31.27812	True
0	31.35	Bee077	24.43	13.82	0	31.27812	True
0	31.76	Bee028	48.77	38.12	0	0	False
0	31.76	Bee045	1.49	43.86	0	0	False
0	32.04	Bee016	4.81	44.63	0	0	False
0	32.04	Bee016	4.81	44.63	0	0	False
0	32.04	Bee034	32.69	35.44	0	0	False
0	32.33	Bee015	39.20	39.29	0	0	False
0	32.33	Bee059	13.35	30.01	0	0	False
0	32.33	Bee059	13.35	30.01	0	0	False
0	32.33	Bee063	37.79	39.13	0	0	False
0	32.33	Bee080	42.71	48.77	0	0	False
0	32.33	Bee089	48.99	38.49	0	0	False
0	32.33	Bee089	48.99	38.49	0	0	False
0	32.77	Bee006	48.44	39.70	0	0	False
0	32.77	Bee081	1.72	42.40	0	0	False
0	33.01	Bee004	1.33	13.30	0	0	False
0	33.01	Bee004	1.33	13.30	0	0	False
0	33.01	Bee060	40.84	24.96	0	0	False
0	33.29	Bee047	8.72	22.64	0	0	False
0	33.29	Bee051	1.43	42.96	0	0	False
0	33.29	Bee051	1.43	42.96	0	0	False
0	33.29	Bee051	1.43	42.96	0	0	False
0	33.29	Bee074	7.67	23.34	0	0	False
0	33.72	Bee001	12.94	28.93	0	0	False
0	33.72	Bee044	18.54	20.17	0	57.92308	True
0	33.72	Bee075	19.36	19.81	0	58.29667	True
0	33.96	Bee020	47.08	13.10	0	0	False
0	34.16	Bee059	13.60	30.31	0	0	False
0	34.39	Bee056	36.28	24.71	0	23.07692	True
0	34.39	Bee088	37.46	24.87	0	0	False
0	34.39	Bee088	37.46	24.87	0	0	False
0	34.66	Bee034	31.68	35.49	0	0	False
0	34.66	Bee063	38.30	38.94	0	0	False
0	34.89	Bee074	8.12	23.44	0	0	False
0	35.25	Bee001	13.10	29.20	0	0	False
0	35.25	Bee001	13.10	29.20	0	0	False
0	35.25	Bee001	13.10	29.20	0	0	False
0	35.25	Bee091	0.84	41.46	0	0	False
0	35.55	Bee051	1.49	42.04	0	0	False
0	35.74	Bee018	14.33	29.10	0	24.20048	True
0	35.74	Bee030	41.59	23.70	0	0	False
0	35.74	Bee030	41.59	23.70	0	0	False
0	35.74	Bee047	8.42	22.88	0	0	False
0	35.74	Bee047	8.42	22.88	0	0	False
0	36.24	Bee000	18.90	33.55	0	48.79761	True
0	36.24	Bee000	18.90	33.55	0	48.79761	True
0	36.24	Bee040	7.81	16.67	0	0	False
0	36.24	Bee040	7.81	16.67	0	0	False
0	36.24	Bee068	15.02	29.42	0	42.35813	True
0	36.24	Bee073	7.53	17.11	0	0	False
0	36.24	Bee088	37.46	24.50	0	0	False
0	36.24	Bee088	37.46	24.50	0	0	False
0	36.63	Bee028	47.81	34.99	0	0	False
0	36.63	Bee059	14.19	29.79	0	6.47636	True
0	36.63	Bee059	14.19	29.79	0	6.47636	True
0	36.63	Bee059	14.19	29.79	0	6.47636	True
0	36.93	Bee006	44.22	38.07	0	0	False
0	36.93	Bee015	44.27	39.05	0	0	False
0	36.93	Bee062	6.58	17.76	0	0	False
0	36.93	Bee085	32.77	16.42	0	8.674081	True
0	36.93	Bee085	32.77	16.42	0	8.674081	True
0	37.22	Bee050	48.73	30.12	0	0	False
0	37.22	Bee063	38.78	40.01	0	0	False
0	37.50	Bee033	42.41	22.99	0	0	False
0	37.50	Bee051	0.97	41.84	0	0	False
0	37.75	Bee001	13.50	28.87	0	0	False
0	37.75	Bee001	13.50	28.87	0	0	False
0	37.75	Bee001	13.50	28.87	0	0	False
0	37.75	Bee034	31.93	33.86	0	26.36771	True
0	37.75	Bee086	33.70	25.23	0	56.78955	True
0	38.07	Bee035	48.07	46.16	0	0	False
0	38.27	Bee073	7.48	17.51	0	0	False
0	38.43	Bee022	17.05	18.46	0	51.34074	True
0	38.43	Bee022	17.05	18.46	0	51.34074	True
0	38.43	Bee081	0.59	42.98	0	0	False
0	38.65	Bee027	1.58	37.49	0	0	False
0	38.65	Bee088	37.01	24.50	0	0	False
0	38.65	Bee088	37.01	24.50	0	0	False
0	38.65	Bee088	37.01	24.50	0	0	False
0	38.65	Bee088	37.01	24.50	0	0	False
0	38.65	Bee091	1.59	38.09	0	0	False
0	38.95	Bee015	44.43	38.49	0	0	False
0	39.11	Bee019	47.74	33.84	0	0	False
0	39.11	Bee028	48.41	34.30	0	0	False
0	39.34	Bee036	36.22	23.78	0	25.29786	True
0	39.34	Bee036	36.22	23.78	0	25.29786	True
0	39.34	Bee036	36.22	23.78	0	25.29786	True
0	39.55	Bee049	30.36	34.61	0	36.19992	True
0	39.55	Bee049	30.36	34.61	0	36.19992	True
0	39.55	Bee049	30.36	34.61	0	36.19992	True
0	39.55	Bee074	9.03	18.29	0	0	False
0	39.81	Bee020	48.98	20.37	0	0	False
0	39.97	Bee051	0.93	42.16	0	0	False
0	39.97	Bee051	0.93	42.16	0	0	False
0	39.97	Bee073	8.12	18.07	0	0	False
0	40.19	Bee001	13.75	29.24	0	1.463415	True
0	40.19	Bee001	13.75	29.24	0	1.463415	True
0	40.19	Bee001	13.75	29.24	0	1.463415	True
0	40.19	Bee035	48.51	46.12	0	0	False
0	40.63	Bee053	31.17	16.18	0	42.35813	True
0	40.79	Bee027	1.81	37.25	0	0	False
0	40.98	Bee028	48.22	33.99	0	0	False
0	40.98	Bee028	48.22	33.99	0	0	False
0	40.98	Bee028	48.22	33.99	0	0	False
0	40.98	Bee029	13.33	7.73	0	0	False
0	40.98	Bee038	14.01	7.71	0	0	False
0	40.98	Bee042	9.62	48.36	0	0	False
0	40.98	Bee078	31.76	35.61	0	0	False
0	40.98	Bee088	37.03	24.86	0	0	False
0	41.30	Bee097	48.97	45.15	0	0	False
0	41.55	Bee015	43.03	37.94	0	0	False
0	41.55	Bee047	13.70	27.42	0	20.75867	True
0	41.55	Bee063	42.74	38.05	0	0	False
0	41.55	Bee063	42.74	38.05	0	0	False
0	41.55	Bee070	14.85	29.67	0	33.8676	True
0	41.55	Bee074	8.58	18.07	0	0	False
0	41.55	Bee074	8.58	18.07	0	0	False
0	41.55	Bee074	8.58	18.07	0	0	False
0	42.01	Bee048	18.03	34.06	0	21.92893	True
0	42.01	Bee048	18.03	34.06	0	21.92893	True
0	42.01	Bee050	43.46	31.04	0	0	False
0	42.26	Bee035	48.58	45.62	0	0	False
0	42.26	Bee035	48.58	45.62	0	0	False
0	42.47	Bee006	41.84	30.01	0	0	False
0	42.47	Bee021	42.87	29.83	0	0	False
0	42.47	Bee021	42.87	29.83	0	0	False
0	42.69	Bee038	13.69	7.42	0	0	False
0	42.69	Bee038	13.69	7.42	0	0	False
0	42.69	Bee078	31.35	35.76	0	0	False
0	42.89	Bee040	16.31	19.36	0	50.29754	True
0	42.89	Bee094	32.79	17.01	0	30.35573	True
0	42.89	Bee094	32.79	17.01	0	30.35573	True
0	42.89	Bee094	32.79	17.01	0	30.35573	True
0	42.89	Bee094	32.79	17.01	0	30.35573	True
0	42.89	Bee094	32.79	17.01	0	30.35573	True
0	43.16	Bee089	38.15	24.72	0	0	False
0	43.40	Bee088	36.55	24.86	0	7.552447	True
0	43.40	Bee088	36.55	24.86	0	7.552447	True
0	43.62	Bee030	31.88	32.03	0	53.13815	True
0	43.62	Bee033	48.35	18.23	0	0	False
0	43.62	Bee033	48.35	18.23	0	0	False
0	43.62	Bee041	48.55	17.44	0	0	False
0	43.86	Bee051	0.46	42.61	0	0	False
0	44.05	Bee001	14.02	28.98	0	12.2293	True
0	44.05	Bee001	14.02	28.98	0	12.2293	True
0	44.05	Bee011	30.52	34.73	0	31.27812	True
0	44.05	Bee057	31.97	16.53	0	36.19992	True
0	44.05	Bee057	31.97	16.53	0	36.19992	True
0	44.05	Bee057	31.97	16.53	0	36.19992	True
0	44.43	Bee021	43.51	30.25	0	0	False
0	44.43	Bee021	43.51	30.25	0	0	False
0	44.64	Bee006	42.24	29.87	0	0	False
0	44.64	Bee064	32.29	36.41	0	0	False
0	44.64	Bee082	35.32	22.53	0	44.67824	True
0	44.64	Bee082	35.32	22.53	0	44.67824	True
0	45.03	Bee033	48.35	17.97	0	0	False
0	45.03	Bee033	48.35	17.97	0	0	False
0	45.03	Bee078	31.31	35.50	0	0	False
0	45.29	Bee028	44.70	36.41	0	0	False
0	45.29	Bee059	14.51	30.20	0	12.2293	True
0	45.29	Bee089	37.70	24.98	0	0	False
0	45.53	Bee025	28.80	35.40	0	34.67286	True
0	45.53	Bee046	15.09	28.50	0	48.79761	True
0	45.91	Bee026	29.43	35.48	0	21.92893	True
0	45.91	Bee026	29.43	35.48	0	21.92893	True
0	45.91	Bee054	35.95	24.60	0	34.67286	True
0	45.91	Bee054	35.95	24.60	0	34.67286	True
0	45.91	Bee054	35.95	24.60	0	34.67286	True
0	46.55	Bee097	41.97	48.43	0	0	False
0	46.72	Bee078	31.73	35.12	0	0	False
0	46.91	Bee060	49.60	21.19	0	0	False
0	46.91	Bee060	49.60	21.19	0	0	False
0	47.13	Bee006	42.99	31.05	0	0	False
0	47.13	Bee006	42.99	31.05	0	0	False
0	47.13	Bee038	10.22	10.99	0	0	False
0	47.13	Bee074	11.29	11.58	0	0	False
0	47.47	Bee089	37.26	24.46	0	0	False
0	47.47	Bee089	37.26	24.46	0	0	False
0	47.47	Bee089	37.26	24.46	0	0	False
0	47.86	Bee009	25.41	13.83	0	31.27812	True
0	47.86	Bee009	25.41	13.83	0	31.27812	True
0	47.86	Bee009	25.41	13.83	0	31.27812	True
0	47.86	Bee014	18.25	21.51	0	58.36606	True
0	47.86	Bee085	32.53	16.54	0	23.07692	True
0	47.86	Bee085	32.53	16.54	0	23.07692	True
0	47.86	Bee085	32.53	16.54	0	23.07692	True
0	48.18	Bee091	17.00	33.91	0	0.9448819	True
0	48.18	Bee091	17.00	33.91	0	0.9448819	True
0	48.42	Bee021	48.53	28.29	0	0	False
0	48.77	Bee060	49.30	21.09	0	0	False
0	48.93	Bee016	17.96	35.25	0	0	False
0	48.93	Bee078	31.52	34.90	0	0.9448819	True
0	48.93	Bee078	31.52	34.90	0	0.9448819	True
0	48.93	Bee095	25.44	14.53	0	47.61354	True
0	48.93	Bee095	25.44	14.53	0	47.61354	True
0	49.25	Bee038	10.54	11.56	0	0	False
0	49.25	Bee038	10.54	11.56	0	0	False
0	49.61	Bee002	42.96	16.11	0	0	False
0	49.61	Bee033	42.99	17.15	0	0	False
0	49.61	Bee064	36.85	31.99	0	0	False
0	49.83	Bee065	36.06	24.16	0	30.35573	True
0	49.83	Bee065	36.06	24.16	0	30.35573	True
0	49.83	Bee065	36.06	24.16	0	30.35573	True
0	49.83	Bee065	36.06	24.16	0	30.35573	True
0	49.83	Bee089	36.96	24.76	0	0	False
0	49.83	Bee089	36.96	24.76	0	0	False
0	49.83	Bee089	36.96	24.76	0	0	False
0	50.29	Bee008	45.27	18.65	0	0	False
0	50.29	Bee050	45.19	19.45	0	0	False
0	50.85	Bee042	6.78	44.52	0	0	False
0	51.03	Bee019	37.84	32.60	0	0	False
0	51.36	Bee064	37.09	32.10	0	0	False
0	51.36	Bee073	22.06	5.21	0	0	False
0	51.36	Bee079	32.27	16.40	0	25.29786	True
0	51.36	Bee079	32.27	16.40	0	25.29786	True
0	51.36	Bee079	32.27	16.40	0	25.29786	True
0	51.36	Bee079	32.27	16.40	0	25.29786	True
0	51.36	Bee091	16.89	33.67	0	3.609023	True
0	51.68	Bee002	42.55	16.90	0	0	False
0	51.68	Bee020	45.94	19.39	0	0	False
0	51.68	Bee020	45.94	19.39	0	0	False
0	51.68	Bee020	45.94	19.39	0	0	False
0	51.97	Bee028	48.73	45.22	0	0	False
0	52.16	Bee008	45.58	18.85	0	0	False
0	52.16	Bee008	45.58	18.85	0	0	False
0	52.16	Bee008	45.58	18.85	0	0	False
0	52.16	Bee015	45.25	20.56	0	0	False
0	52.16	Bee078	31.79	34.65	0	2.802669	True
0	52.16	Bee089	36.71	24.48	0	3.609023	True
0	52.16	Bee089	36.71	24.48	0	3.609023	True
0	52.16	Bee089	36.71	24.48	0	3.609023	True
0	52.63	Bee021	46.70	24.44	0	0	False
0	52.63	Bee021	46.70	24.44	0	0	False
0	52.63	Bee021	46.70	24.44	0	0	False
0	52.63	Bee060	46.28	24.65	0	0	False
0	52.87	Bee019	37.69	32.13	0	0	False
0	52.87	Bee019	37.69	32.13	0	0	False
0	52.87	Bee098	33.11	26.45	0	57.54189	True
0	53.35	Bee020	45.87	19.16	0	0	False
0	53.35	Bee020	45.87	19.16	0	0	False
0	53.35	Bee020	45.87	19.16	0	0	False
0	53.35	Bee020	45.87	19.16	0	0	False
0	53.69	Bee064	37.19	31.86	0	0	False
0	54.00	Bee017	17.26	21.42	0	57.44681	True
0	54.00	Bee017	17.26	21.42	0	57.44681	True
0	54.00	Bee037	30.33	33.34	0	52.99802	True
0	54.00	Bee083	1.04	41.33	0	0	False
0	54.27	Bee058	4.39	16.96	0	0	False
0	54.71	Bee061	20.50	19.64	0	58.66962	True
0	54.71	Bee063	47.14	45.46	0	0	False
0	54.92	Bee023	49.25	28.89	0	0	False
0	54.92	Bee074	23.23	12.74	0	0	False
0	55.14	Bee033	36.69	22.96	0	0.05994006	True
0	55.14	Bee033	36.69	22.96	0	0.05994006	True
0	55.60	Bee067	35.72	24.09	0	41.84019	True
0	55.60	Bee067	35.72	24.09	0	41.84019	True
0	55.78	Bee064	36.51	31.37	0	0	False
0	55.78	Bee069	42.75	39.27	0	0	False
0	55.78	Bee069	42.75	39.27	0	0	False
0	55.78	Bee088	36.74	30.67	0	0	False
0	56.56	Bee097	30.66	36.06	0	0	False
0	56.83	Bee084	20.59	15.93	0	52.06454	True
0	57.00	Bee007	21.50	16.61	0	56.22261	True
0	57.14	Bee078	31.58	34.44	0	15.91477	True
0	57.14	Bee078	31.58	34.44	0	15.91477	True
0	57.14	Bee078	31.58	34.44	0	15.91477	True
0	57.14	Bee091	17.16	33.57	0	15.91477	True
0	57.14	Bee091	17.16	33.57	0	15.91477	True
0	57.14	Bee091	17.16	33.57	0	15.91477	True
0	57.49	Bee020	40.75	18.77	0	0	False
0	57.49	Bee020	40.75	18.77	0	0	False
0	57.71	Bee033	36.49	22.55	0	2.084942	True
0	57.90	Bee089	36.46	24.77	0	13.45229	True
0	57.90	Bee089	36.46	24.77	0	13.45229	True
0	57.90	Bee097	30.28	36.08	0	0	False
0	58.31	Bee001	14.24	29.22	0	18.36225	True
0	58.31	Bee001	14.24	29.22	0	18.36225	True
0	58.31	Bee001	14.24	29.22	0	18.36225	True
0	58.31	Bee001	14.24	29.22	0	18.36225	True
0	58.55	Bee005	25.97	15.24	0	53.2743	True
0	58.72	Bee074	22.71	16.14	0	55.97963	True
0	58.72	Bee093	23.64	16.66	0	57.44681	True
0	59.47	Bee056	36.13	24.56	0	31.27812	True
0	59.47	Bee056	36.13	24.56	0	31.27812	True
0	59.47	Bee056	36.13	24.56	0	31.27812	True
0	59.47	Bee056	36.13	24.56	0	31.27812	True
0	59.47	Bee096	31.87	16.72	0	41.84019	True
0	59.47	Bee096	31.87	16.72	0	41.84019	True
0	59.78	Bee016	34.19	40.66	0	0	False
0	59.78	Bee080	34.27	39.90	0	0	False
0	60.02	Bee012	14.41	28.50	0	36.19992	True
0	60.02	Bee012	14.41	28.50	0	36.19992	True
0	60.02	Bee059	14.80	29.84	0	32.17068	True
0	60.02	Bee059	14.80	29.84	0	32.17068	True
0	60.02	Bee059	14.80	29.84	0	32.17068	True
0	60.02	Bee059	14.80	29.84	0	32.17068	True
0	60.02	Bee062	16.14	21.00	0	54.23576	True
0	60.36	Bee010	30.42	20.18	0	58.47778	True
0	60.36	Bee010	30.42	20.18	0	58.47778	True
0	60.36	Bee010	30.42	20.18	0	58.47778	True
0	60.36	Bee015	33.49	17.43	0	19.56873	True
0	60.36	Bee015	33.49	17.43	0	19.56873	True
0	60.36	Bee015	33.49	17.43	0	19.56873	True
0	60.36	Bee097	30.29	35.39	0	7.552447	True
0	60.36	Bee097	30.29	35.39	0	7.552447	True
0	60.36	Bee097	30.29	35.39	0	7.552447	True
0	60.90	Bee003	41.38	2.54	0	0	False
0	60.90	Bee072	29.73	20.71	0	58.89627	True
0	60.90	Bee072	29.73	20.71	0	58.89627	True
0	60.90	Bee072	29.73	20.71	0	58.89627	True
0	61.69	Bee008	45.33	9.67	0	0	False
0	61.69	Bee008	45.33	9.67	0	0	False
0	61.69	Bee029	44.66	9.25	0	0	False
0	62.05	Bee016	34.24	40.42	0	0	False
0	62.05	Bee016	34.24	40.42	0	0	False
0	62.05	Bee018	14.56	29.18	0	34.67286	True
0	62.05	Bee018	14.56	29.18	0	34.67286	True
0	62.05	Bee018	14.56	29.18	0	34.67286	True
0	62.05	Bee018	14.56	29.18	0	34.67286	True
0	62.05	Bee018	14.56	29.18	0	34.67286	True
0	62.05	Bee033	36.28	22.69	0	11.02041	True
0	62.05	Bee033	36.28	22.69	0	11.02041	True
0	62.50	Bee019	48.72	19.93	0	0	False
0	62.50	Bee023	37.36	24.81	0	0	False
0	62.50	Bee023	37.36	24.81	0	0	False
0	62.50	Bee038	32.62	5.29	0	0	False
0	62.50	Bee060	30.86	18.92	0	57.20267	True
0	62.50	Bee099	32.82	4.96	0	0	False
0	62.98	Bee050	49.33	19.38	0	0	False
0	62.98	Bee050	49.33	19.38	0	0	False
0	63.15	Bee008	44.98	9.67	0	0	False
0	63.15	Bee008	44.98	9.67	0	0	False
0	63.80	Bee066	30.49	21.60	0	58.85777	True
0	64.00	Bee041	44.56	8.01	0	0	False
0	64.19	Bee080	32.78	35.13	0	0	False
0	64.19	Bee099	32.43	4.92	0	0	False
0	64.68	Bee019	48.98	20.12	0	0	False
0	64.90	Bee050	49.44	19.82	0	0	False
0	64.90	Bee050	49.44	19.82	0	0	False
0	64.90	Bee088	22.74	30.68	0	59.0168	True
0	65.14	Bee027	19.24	10.39	0	0	False
0	65.14	Bee073	19.66	10.10	0	0	False
0	65.62	Bee013	32.70	17.75	0	45.09317	True
0	65.62	Bee052	17.70	18.31	0	53.40659	True
0	65.62	Bee052	17.70	18.31	0	53.40659	True
0	66.13	Bee048	17.90	33.78	0	29.40337	True
0	66.13	Bee048	17.90	33.78	0	29.40337	True
0	66.13	Bee048	17.90	33.78	0	29.40337	True
0	66.13	Bee048	17.90	33.78	0	29.40337	True
0	66.13	Bee048	17.90	33.78	0	29.40337	True
0	66.45	Bee021	37.15	25.14	0	0	False
0	66.45	Bee034	31.29	33.84	0	41.30259	True
0	66.45	Bee034	31.29	33.84	0	41.30259	True
0	66.45	Bee034	31.29	33.84	0	41.30259	True
0	66.74	Bee035	32.89	32.25	0	42.35813	True
0	66.94	Bee036	36.12	24.16	0	30.35573	True
0	66.94	Bee036	36.12	24.16	0	30.35573	True
0	66.94	Bee036	36.12	24.16	0	30.35573	True
0	66.94	Bee036	36.12	24.16	0	30.35573	True
0	67.40	Bee047	16.60	22.42	0	57.00658	True
0	68.01	Bee003	40.89	1.17	0	0	False
0	68.01	Bee020	39.78	1.51	0	0	False
0	68.01	Bee029	49.30	6.06	0	0	False
0	68.01	Bee041	48.36	6.60	0	0	False
0	68.01	Bee041	48.36	6.60	0	0	False
0	68.33	Bee024	32.42	26.30	0	58.26031	True
0	68.33	Bee024	32.42	26.30	0	58.26031	True
0	68.71	Bee073	17.08	9.65	0	0	False
0	68.71	Bee073	17.08	9.65	0	0	False
0	69.19	Bee042	35.38	27.80	0	41.30259	True
0	69.49	Bee021	36.08	27.91	0	14.68278	True
0	69.69	Bee020	40.10	1.28	0	0	False
0	69.69	Bee020	40.10	1.28	0	0	False
0	69.69	Bee029	49.12	6.40	0	0	False
0	70.10	Bee026	29.46	35.18	0	32.17068	True
0	70.10	Bee026	29.46	35.18	0	32.17068	True
0	70.10	Bee026	29.46	35.18	0	32.17068	True
0	70.10	Bee097	30.00	35.43	0	13.45229	True
0	70.10	Bee097	30.00	35.43	0	13.45229	True
0	70.10	Bee097	30.00	35.43	0	13.45229	True
0	70.40	Bee006	37.43	24.10	0	0	False
0	70.60	Bee003	40.55	0.97	0	0	False
0	70.60	Bee003	40.55	0.97	0	0	False
0	70.96	Bee051	16.40	34.38	0	0	False
0	70.96	Bee051	16.40	34.38	0	0	False
0	70.96	Bee083	19.04	34.92	0	17.14286	True
0	71.96	Bee020	40.21	1.46	0	0	False
0	72.59	Bee002	7.79	2.07	0	0	False
0	72.59	Bee058	7.31	1.68	0	0	False
0	72.96	Bee085	32.70	16.83	0	26.36771	True
0	72.96	Bee085	32.70	16.83	0	26.36771	True
0	72.96	Bee085	32.70	16.83	0	26.36771	True
0	73.21	Bee038	36.50	21.92	0	0	False
0	73.21	Bee038	36.50	21.92	0	0	False
0	73.21	Bee038	36.50	21.92	0	0	False
0	73.48	Bee055	17.68	23.06	0	58.38275	True
0	73.48	Bee063	13.95	42.70	0	0	False
0	73.48	Bee063	13.95	42.70	0	0	False
0	73.48	Bee081	13.91	43.38	0	0	False
0	73.48	Bee089	36.06	24.40	0	31.27812	True
0	73.48	Bee089	36.06	24.40	0	31.27812	True
0	73.48	Bee089	36.06	24.40	0	31.27812	True
0	74.03	Bee002	7.76	1.87	0	0	False
0	74.03	Bee002	7.76	1.87	0	0	False
0	74.91	Bee063	13.80	42.85	0	0	False
0	74.91	Bee063	13.80	42.85	0	0	False
0	75.24	Bee020	38.56	5.18	0	0	False
0	75.24	Bee028	32.65	35.10	0	0	False
0	75.24	Bee033	36.13	22.41	0	18.36225	True
0	75.24	Bee033	36.13	22.41	0	18.36225	True
0	75.24	Bee033	36.13	22.41	0	18.36225	True
0	75.24	Bee078	31.81	34.24	0	18.36225	True
0	75.24	Bee091	17.03	33.29	0	20.75867	True
0	75.70	Bee038	36.22	21.91	0	7.552447	True
0	75.70	Bee038	36.22	21.91	0	7.552447	True
0	75.70	Bee094	32.85	17.30	0	34.67286	True
0	75.70	Bee094	32.85	17.30	0	34.67286	True
0	75.70	Bee094	32.85	17.30	0	34.67286	True
0	75.70	Bee094	32.85	17.30	0	34.67286	True
0	75.70	Bee094	32.85	17.30	0	34.67286	True
0	76.45	Bee039	34.52	28.54	0	50.73502	True
0	76.85	Bee071	34.81	23.22	0	52.06454	True
0	77.21	Bee023	46.61	1.51	0	0	False
0	77.21	Bee087	37.44	21.64	0	0	False
0	77.65	Bee011	30.20	34.91	0	30.35573	True
0	77.65	Bee011	30.20	34.91	0	30.35573	True
0	77.65	Bee011	30.20	34.91	0	30.35573	True
0	77.65	Bee011	30.20	34.91	0	30.35573	True
0	78.05	Bee049	30.20	34.36	0	42.85714	True
0	78.40	Bee076	31.25	32.59	0	52.85374	True
0	78.40	Bee076	31.25	32.59	0	52.85374	True
0	78.92	Bee001	14.56	28.83	0	38.93998	True
0	78.92	Bee001	14.56	28.83	0	38.93998	True
0	78.92	Bee001	14.56	28.83	0	38.93998	True
0	78.92	Bee023	46.30	1.12	0	0	False
0	78.92	Bee023	46.30	1.12	0	0	False
0	78.92	Bee070	16.23	32.23	0	27.40902	True
0	78.92	Bee079	32.22	16.90	0	40.74454	True
0	78.92	Bee079	32.22	16.90	0	40.74454	True
0	78.92	Bee079	32.22	16.90	0	40.74454	True
0	79.27	Bee006	39.97	10.06	0	0	False
0	79.54	Bee087	37.08	21.25	0	0	False
0	80.31	Bee045	23.70	31.34	0	58.91479	True
0	80.60	Bee068	14.94	29.19	0	41.84019	True
0	80.60	Bee068	14.94	29.19	0	41.84019	True
0	80.60	Bee068	14.94	29.19	0	41.84019	True
0	81.05	Bee023	46.53	0.86	0	0	False
0	81.05	Bee023	46.53	0.86	0	0	False
0	81.05	Bee023	46.53	0.86	0	0	False
0	81.05	Bee023	46.53	0.86	0	0	False
0	81.05	Bee031	33.33	23.73	0	57.31135	True
0	81.05	Bee031	33.33	23.73	0	57.31135	True
0	81.52	Bee009	25.63	14.02	0	37.62029	True
0	81.52	Bee009	25.63	14.02	0	37.62029	True
0	81.89	Bee081	14.13	30.71	0	0	False
0	81.89	Bee087	36.89	21.49	0	0	False
0	81.89	Bee087	36.89	21.49	0	0	False
0	82.08	Bee015	33.41	17.80	0	33.8676	True
0	82.45	Bee057	31.71	16.65	0	42.85714	True
0	82.45	Bee057	31.71	16.65	0	42.85714	True
0	82.45	Bee065	35.84	23.96	0	39.56403	True
0	82.89	Bee050	48.04	17.66	0	0	False
0	82.89	Bee099	48.89	16.72	0	0	False
0	83.27	Bee054	34.87	25.85	0	52.232	True
0	83.58	Bee092	15.76	23.30	0	55.71306	True
0	84.00	Bee081	14.37	30.71	0	0.2390438	True
0	84.00	Bee087	36.71	21.35	0	0	False
0	84.70	Bee099	48.79	16.89	0	0	False
0	85.15	Bee053	31.32	16.40	0	44.24783	True
0	85.15	Bee053	31.32	16.40	0	44.24783	True
0	85.15	Bee053	31.32	16.40	0	44.24783	True
0	85.39	Bee038	36.24	22.40	0	13.45229	True
0	85.58	Bee097	29.96	35.06	0	27.40902	True
0	85.58	Bee097	29.96	35.06	0	27.40902	True
0	85.58	Bee097	29.96	35.06	0	27.40902	True
0	86.24	Bee087	36.45	21.68	0	0	False
0	86.24	Bee087	36.45	21.68	0	0	False
0	86.47	Bee021	35.27	27.58	0	44.24783	True
0	86.47	Bee041	26.33	13.44	0	8.674081	True
0	86.47	Bee081	14.34	30.26	0	2.084942	True
0	86.47	Bee081	14.34	30.26	0	2.084942	True
0	86.47	Bee081	14.34	30.26	0	2.084942	True
0	86.75	Bee002	3.94	15.92	0	0	False
0	86.75	Bee004	4.56	16.36	0	0	False
0	87.11	Bee020	48.66	23.59	0	0	False
0	87.58	Bee090	33.88	24.23	0	56.3361	True
0	87.74	Bee029	34.10	16.99	0	0	False
0	87.90	Bee077	14.54	8.35	0	0	False
0	88.49	Bee004	4.42	16.17	0	0	False
0	88.83	Bee000	21.36	30.76	0	58.7635	True
0	89.47	Bee029	33.89	16.83	0	0	False
0	89.47	Bee029	33.89	16.83	0	0	False
0	89.92	Bee032	20.72	20.75	0	59.07705	True
0	90.24	Bee083	18.94	34.59	0	26.36771	True
0	90.42	Bee087	33.44	18.90	0	48.22606	True
0	90.76	Bee081	14.61	30.28	0	13.45229	True
0	90.76	Bee081	14.61	30.28	0	13.45229	True
0	91.33	Bee082	35.06	22.51	0	47.61354	True
0	91.49	Bee004	2.10	17.13	0	0	False
0	91.68	Bee027	13.68	17.24	0	0	False
0	91.68	Bee029	33.67	17.13	0	2.802669	True
0	91.68	Bee029	33.67	17.13	0	2.802669	True
0	91.68	Bee029	33.67	17.13	0	2.802669	True
0	91.68	Bee029	33.67	17.13	0	2.802669	True
0	91.97	Bee022	17.02	19.03	0	52.99802	True
0	91.97	Bee022	17.02	19.03	0	52.99802	True
0	92.90	Bee056	35.77	24.98	0	40.74454	True
0	93.12	Bee099	34.63	17.61	0	0	False
0	93.12	Bee099	34.63	17.61	0	0	False
0	93.52	Bee002	1.20	17.54	0	0	False
0	93.52	Bee002	1.20	17.54	0	0	False
0	93.68	Bee044	18.39	20.45	0	57.94689	True
0	93.68	Bee044	18.39	20.45	0	57.94689	True
0	94.06	Bee043	14.28	48.40	0	0	False
0	94.29	Bee075	19.18	20.24	0	58.38275	True
0	94.29	Bee075	19.18	20.24	0	58.38275	True
0	94.50	Bee059	15.10	30.14	0	36.92308	True
0	94.87	Bee077	24.69	13.40	0	13.45229	True
0	95.25	Bee019	23.96	32.40	0	58.36606	True
0	95.25	Bee019	23.96	32.40	0	58.36606	True
0	95.70	Bee033	35.75	22.62	0	33.03371	True
0	95.70	Bee033	35.75	22.62	0	33.03371	True
0	95.70	Bee040	15.98	20.19	0	51.71385	True
0	95.70	Bee078	31.52	33.92	0	35.45008	True
0	95.70	Bee099	34.73	18.50	0	5.454545	True
0	96.43	Bee020	35.40	29.39	0	24.20048	True
0	96.72	Bee029	33.24	16.74	0	6.47636	True
0	96.72	Bee029	33.24	16.74	0	6.47636	True
0	96.96	Bee046	15.34	27.48	0	52.99802	True
0	96.96	Bee073	14.08	27.75	0	33.03371	True
0	96.96	Bee073	14.08	27.75	0	33.03371	True
0	96.96	Bee073	14.08	27.75	0	33.03371	True
0	96.96	Bee086	33.27	25.44	0	57.44681	True
0	97.30	Bee006	48.93	8.01	0	0	False
0	97.63	Bee041	26.51	14.08	0	37.62029	True
0	97.63	Bee041	26.51	14.08	0	37.62029	True
0	97.94	Bee023	35.62	21.45	0	28.42105	True
0	97.94	Bee023	35.62	21.45	0	28.42105	True
0	97.94	Bee023	35.62	21.45	0	28.42105	True
0	97.94	Bee048	18.50	33.59	0	44.24783	True
0	98.51	Bee012	14.91	28.56	0	45.87903	True
0	98.51	Bee012	14.91	28.56	0	45.87903	True
0	98.51	Bee091	17.53	33.21	0	36.92308	True
0	99.01	Bee018	14.64	28.87	0	37.62029	True
0	99.01	Bee018	14.64	28.87	0	37.62029	True
0	99.01	Bee018	14.64	28.87	0	37.62029	True
0	99.01	Bee018	14.64	28.87	0	37.62029	True
0	99.01	Bee095	25.26	14.79	0	50.9434	True
0	99.63	Bee036	35.88	24.08	0	36.92308	True
0	99.63	Bee067	35.61	24.32	0	44.24783	True
0	99.63	Bee067	35.61	24.32	0	44.24783	True
