Run	Time	Name	X_pos	Y_pos

0	0.00	Bee00	1.50	7.50
0	0.00	Bee01	9.50	3.50
0	0.00	Bee02	33.50	27.50
0	0.00	Bee03	13.50	15.50
0	0.00	Bee04	11.50	46.50
0	0.00	Bee05	20.50	18.50
0	0.00	Bee06	46.50	15.50
0	0.00	Bee07	14.50	1.50
0	0.00	Bee08	39.50	3.50
0	0.00	Bee09	48.50	19.50
0	0.00	Bee10	24.50	20.50
0	0.00	Bee11	24.50	49.50
0	0.00	Bee12	10.50	46.50
0	0.00	Bee13	48.50	40.50
0	0.00	Bee14	40.50	9.50
0	0.00	Bee15	17.50	29.50
0	0.00	Bee16	36.50	43.50
0	0.00	Bee17	3.50	17.50
0	0.00	Bee18	43.50	25.50
0	0.00	Bee19	34.50	19.50
0	0.00	Bee20	33.50	42.50
0	0.00	Bee21	41.50	30.50
0	0.00	Bee22	41.50	22.50
0	0.00	Bee23	22.50	3.50
0	0.00	Bee24	29.50	25.50
0	0.00	Bee25	27.50	23.50
0	0.00	Bee26	37.50	13.50
0	0.00	Bee27	17.50	21.50
0	0.00	Bee28	35.50	29.50
0	0.00	Bee29	31.50	27.50
0	1.00	Bee00	2.10	7.51
0	1.00	Bee01	8.90	3.57
0	1.00	Bee02	33.04	27.89
0	1.00	Bee03	13.14	15.98
0	1.00	Bee04	11.27	47.05
0	1.00	Bee05	20.66	19.08
0	1.00	Bee06	46.61	14.91
0	1.00	Bee07	13.95	1.27
0	1.00	Bee08	38.97	3.78
0	1.00	Bee09	49.10	19.49
0	1.00	Bee10	24.40	19.91
0	1.00	Bee11	24.03	49.13
0	1.00	Bee12	9.92	46.35
0	1.00	Bee13	48.04	40.89
0	1.00	Bee14	40.15	9.01
0	1.00	Bee15	17.21	30.02
0	1.00	Bee16	36.42	44.09
0	1.00	Bee17	3.69	18.07
0	1.00	Bee18	42.94	25.29
0	1.00	Bee19	35.09	19.39
0	1.00	Bee20	33.85	42.99
0	1.00	Bee21	42.10	30.43
0	1.00	Bee22	41.17	23.00
0	1.00	Bee23	22.81	4.01
0	1.00	Bee24	29.05	25.89
0	1.00	Bee25	27.67	22.92
0	1.00	Bee26	37.90	13.95
0	1.00	Bee27	17.10	21.95
0	1.00	Bee28	35.14	29.02
0	1.00	Bee29	30.93	27.31
0	2.00	Bee00	2.10	7.51
0	2.00	Bee01	8.90	3.57
0	2.00	Bee02	33.04	27.89
0	2.00	Bee03	13.14	15.98
0	2.00	Bee04	11.27	47.05
0	2.00	Bee05	20.66	19.08
0	2.00	Bee06	46.61	14.91
0	2.00	Bee07	13.95	1.27
0	2.00	Bee08	38.97	3.78
0	2.00	Bee09	49.10	19.49
0	2.00	Bee10	24.40	19.91
0	2.00	Bee11	24.03	49.13
0	2.00	Bee12	9.92	46.35
0	2.00	Bee13	48.04	40.89
0	2.00	Bee14	40.15	9.01
0	2.00	Bee15	17.21	30.02
0	2.00	Bee16	36.42	44.09
0	2.00	Bee17	3.69	18.07
0	2.00	Bee18	42.94	25.29
0	2.00	Bee19	35.09	19.39
0	2.00	Bee20	33.85	42.99
0	2.00	Bee21	42.10	30.43
0	2.00	Bee22	41.17	23.00
0	2.00	Bee23	22.81	4.01
0	2.00	Bee24	29.05	25.89
0	2.00	Bee25	27.67	22.92
0	2.00	Bee26	37.90	13.95
0	2.00	Bee27	17.10	21.95
0	2.00	Bee28	35.14	29.02
0	2.00	Bee29	30.93	27.31
0	3.00	Bee00	2.10	7.51
0	3.00	Bee01	8.90	3.57
0	3.00	Bee02	33.04	27.89
0	3.00	Bee03	13.14	15.98
0	3.00	Bee04	11.27	47.05
0	3.00	Bee05	20.66	19.08
0	3.00	Bee06	46.61	14.91
0	3.00	Bee07	13.95	1.27
0	3.00	Bee08	38.97	3.78
0	3.00	Bee09	49.10	19.49
0	3.00	Bee10	24.40	19.91
0	3.00	Bee11	24.03	49.13
0	3.00	Bee12	9.92	46.35
0	3.00	Bee13	48.04	40.89
0	3.00	Bee14	40.15	9.01
0	3.00	Bee15	17.21	30.02
0	3.00	Bee16	36.42	44.09
0	3.00	Bee17	3.69	18.07
0	3.00	Bee18	42.94	25.29
0	3.00	Bee19	35.09	19.39
0	3.00	Bee20	33.85	42.99
0	3.00	Bee21	42.10	30.43
0	3.00	Bee22	41.17	23.00
0	3.00	Bee23	22.81	4.01
0	3.00	Bee24	29.05	25.89
0	3.00	Bee25	27.67	22.92
0	3.00	Bee26	37.90	13.95
0	3.00	Bee27	17.10	21.95
0	3.00	Bee28	35.14	29.02
0	3.00	Bee29	30.93	27.31
0	4.00	Bee00	2.10	7.51
0	4.00	Bee01	8.90	3.57
0	4.00	Bee02	33.04	27.89
0	4.00	Bee03	13.14	15.98
0	4.00	Bee04	11.27	47.05
0	4.00	Bee05	20.66	19.08
0	4.00	Bee06	46.61	14.91
0	4.00	Bee07	13.95	1.27
0	4.00	Bee08	38.97	3.78
0	4.00	Bee09	49.10	19.49
0	4.00	Bee10	24.40	19.91
0	4.00	Bee11	24.03	49.13
0	4.00	Bee12	9.92	46.35
0	4.00	Bee13	48.04	40.89
0	4.00	Bee14	40.15	9.01
0	4.00	Bee15	17.21	30.02
0	4.00	Bee16	36.42	44.09
0	4.00	Bee17	3.69	18.07
0	4.00	Bee18	42.94	25.29
0	4.00	Bee19	35.09	19.39
0	4.00	Bee20	33.85	42.99
0	4.00	Bee21	42.10	30.43
0	4.00	Bee22	41.17	23.00
0	4.00	Bee23	22.81	4.01
0	4.00	Bee24	29.05	25.89
0	4.00	Bee25	27.67	22.92
0	4.00	Bee26	37.90	13.95
0	4.00	Bee27	17.10	21.95
0	4.00	Bee28	35.14	29.02
0	4.00	Bee29	30.93	27.31
0	5.00	Bee00	2.10	7.51
0	5.00	Bee01	8.90	3.57
0	5.00	Bee02	33.04	27.89
0	5.00	Bee03	13.14	15.98
0	5.00	Bee04	11.27	47.05
0	5.00	Bee05	20.66	19.08
0	5.00	Bee06	46.61	14.91
0	5.00	Bee07	13.95	1.27
0	5.00	Bee08	38.97	3.78
0	5.00	Bee09	49.10	19.49
0	5.00	Bee10	24.40	19.91
0	5.00	Bee11	24.03	49.13
0	5.00	Bee12	9.92	46.35
0	5.00	Bee13	48.04	40.89
0	5.00	Bee14	40.15	9.01
0	5.00	Bee15	17.21	30.02
0	5.00	Bee16	36.42	44.09
0	5.00	Bee17	3.69	18.07
0	5.00	Bee18	42.94	25.29
0	5.00	Bee19	35.09	19.39
0	5.00	Bee20	33.85	42.99
0	5.00	Bee21	42.10	30.43
0	5.00	Bee22	41.17	23.00
0	5.00	Bee23	22.81	4.01
0	5.00	Bee24	29.05	25.89
0	5.00	Bee25	27.67	22.92
0	5.00	Bee26	37.90	13.95
0	5.00	Bee27	17.10	21.95
0	5.00	Bee28	35.14	29.02
0	5.00	Bee29	30.93	27.31
0	6.00	Bee00	13.41	7.71
0	6.00	Bee01	8.90	3.57
0	6.00	Bee02	24.38	35.15
0	6.00	Bee03	6.33	25.01
0	6.00	Bee04	11.27	47.05
0	6.00	Bee05	23.58	30.00
0	6.00	Bee06	48.77	3.81
0	6.00	Bee07	13.95	1.27
0	6.00	Bee08	28.99	9.09
0	6.00	Bee09	48.63	18.27
0	6.00	Bee10	22.43	8.77
0	6.00	Bee11	15.12	42.17
0	6.00	Bee12	9.92	46.35
0	6.00	Bee13	39.38	48.15
0	6.00	Bee14	34.27	0.92
0	6.00	Bee15	11.73	39.92
0	6.00	Bee16	36.42	44.09
0	6.00	Bee17	7.18	28.83
0	6.00	Bee18	32.31	21.43
0	6.00	Bee19	46.19	17.23
0	6.00	Bee20	33.85	42.99
0	6.00	Bee21	42.10	30.43
0	6.00	Bee22	35.01	32.49
0	6.00	Bee23	28.63	13.71
0	6.00	Bee24	20.51	33.31
0	6.00	Bee25	30.78	12.05
0	6.00	Bee26	45.47	22.35
0	6.00	Bee27	9.53	30.35
0	6.00	Bee28	28.33	19.99
0	6.00	Bee29	20.17	23.82
0	7.00	Bee00	15.42	7.74
0	7.00	Bee01	7.35	4.86
0	7.00	Bee02	22.83	36.45
0	7.00	Bee03	5.12	26.62
0	7.00	Bee04	11.82	47.79
0	7.00	Bee05	24.10	31.95
0	7.00	Bee06	49.02	2.54
0	7.00	Bee07	11.96	1.61
0	7.00	Bee08	27.21	10.04
0	7.00	Bee09	48.24	17.25
0	7.00	Bee10	22.08	6.79
0	7.00	Bee11	13.53	40.93
0	7.00	Bee12	8.01	47.00
0	7.00	Bee13	38.26	49.09
0	7.00	Bee14	34.30	0.79
0	7.00	Bee15	10.75	41.68
0	7.00	Bee16	37.26	45.93
0	7.00	Bee17	7.76	30.62
0	7.00	Bee18	30.41	20.74
0	7.00	Bee19	47.15	17.04
0	7.00	Bee20	35.73	43.72
0	7.00	Bee21	43.65	29.14
0	7.00	Bee22	33.92	34.18
0	7.00	Bee23	29.67	15.44
0	7.00	Bee24	18.99	34.64
0	7.00	Bee25	31.34	10.11
0	7.00	Bee26	46.82	23.85
0	7.00	Bee27	8.18	31.85
0	7.00	Bee28	27.12	18.38
0	7.00	Bee29	18.26	23.20
0	8.00	Bee00	17.39	7.78
0	8.00	Bee01	5.84	6.12
0	8.00	Bee02	21.33	37.71
0	8.00	Bee03	3.94	28.19
0	8.00	Bee04	12.75	49.01
0	8.00	Bee05	24.61	33.85
0	8.00	Bee06	49.02	2.54
0	8.00	Bee07	10.03	1.94
0	8.00	Bee08	25.47	10.96
0	8.00	Bee09	48.11	17.21
0	8.00	Bee10	21.74	4.85
0	8.00	Bee11	11.98	39.72
0	8.00	Bee12	6.15	47.63
0	8.00	Bee13	38.26	49.23
0	8.00	Bee14	34.30	0.79
0	8.00	Bee15	9.80	43.40
0	8.00	Bee16	38.08	47.71
0	8.00	Bee17	7.76	30.62
0	8.00	Bee18	28.57	20.07
0	8.00	Bee19	47.15	17.04
0	8.00	Bee20	37.56	44.43
0	8.00	Bee21	45.16	27.88
0	8.00	Bee22	32.85	35.82
0	8.00	Bee23	30.68	17.12
0	8.00	Bee24	17.51	35.92
0	8.00	Bee25	31.88	8.23
0	8.00	Bee26	48.13	25.31
0	8.00	Bee27	6.87	33.31
0	8.00	Bee28	25.94	16.81
0	8.00	Bee29	16.39	22.59
0	9.00	Bee00	19.44	7.81
0	9.00	Bee01	4.26	7.43
0	9.00	Bee02	19.76	39.03
0	9.00	Bee03	2.70	29.83
0	9.00	Bee04	12.75	49.01
0	9.00	Bee05	25.14	35.83
0	9.00	Bee06	49.24	2.51
0	9.00	Bee07	8.00	2.28
0	9.00	Bee08	23.66	11.92
0	9.00	Bee09	48.11	17.21
0	9.00	Bee10	21.38	2.83
0	9.00	Bee11	10.36	38.46
0	9.00	Bee12	4.20	48.29
0	9.00	Bee13	38.26	49.23
0	9.00	Bee14	34.45	0.84
0	9.00	Bee15	8.80	45.19
0	9.00	Bee16	38.24	48.06
0	9.00	Bee17	7.50	30.68
0	9.00	Bee18	26.64	19.36
0	9.00	Bee19	46.88	15.76
0	9.00	Bee20	39.47	45.18
0	9.00	Bee21	46.74	26.57
0	9.00	Bee22	31.73	37.55
0	9.00	Bee23	31.74	18.88
0	9.00	Bee24	15.96	37.27
0	9.00	Bee25	32.44	6.25
0	9.00	Bee26	49.06	26.34
0	9.00	Bee27	5.50	34.83
0	9.00	Bee28	24.70	15.17
0	9.00	Bee29	14.44	21.96
0	10.00	Bee00	21.40	7.85
0	10.00	Bee01	2.76	8.68
0	10.00	Bee02	18.25	40.29
0	10.00	Bee03	1.52	31.39
0	10.00	Bee04	12.70	49.11
0	10.00	Bee05	25.65	37.72
0	10.00	Bee06	49.27	2.65
0	10.00	Bee07	6.07	2.61
0	10.00	Bee08	21.93	12.84
0	10.00	Bee09	46.79	18.52
0	10.00	Bee10	21.04	0.90
0	10.00	Bee11	8.82	37.25
0	10.00	Bee12	2.35	48.92
0	10.00	Bee13	38.41	49.31
0	10.00	Bee14	34.45	0.84
0	10.00	Bee15	7.85	46.91
0	10.00	Bee16	38.19	48.16
0	10.00	Bee17	5.60	31.17
0	10.00	Bee18	24.80	18.69
0	10.00	Bee19	46.49	13.83
0	10.00	Bee20	41.30	45.89
0	10.00	Bee21	47.91	25.60
0	10.00	Bee22	30.66	39.19
0	10.00	Bee23	32.75	20.56
0	10.00	Bee24	14.48	38.56
0	10.00	Bee25	32.99	4.37
0	10.00	Bee26	48.97	26.87
0	10.00	Bee27	4.18	36.29
0	10.00	Bee28	23.52	13.61
0	10.00	Bee29	12.57	21.35
0	11.00	Bee00	23.49	7.88
0	11.00	Bee01	1.15	10.01
0	11.00	Bee02	16.65	41.63
0	11.00	Bee03	0.97	32.12
0	11.00	Bee04	12.12	48.91
0	11.00	Bee05	26.19	39.74
0	11.00	Bee06	49.27	2.65
0	11.00	Bee07	4.01	2.97
0	11.00	Bee08	20.08	13.82
0	11.00	Bee09	45.31	20.00
0	11.00	Bee10	21.04	0.90
0	11.00	Bee11	7.17	35.96
0	11.00	Bee12	2.06	49.01
0	11.00	Bee13	38.42	49.46
0	11.00	Bee14	34.21	2.29
0	11.00	Bee15	6.84	48.73
0	11.00	Bee16	38.26	48.31
0	11.00	Bee17	3.58	31.69
0	11.00	Bee18	22.84	17.98
0	11.00	Bee19	46.07	11.79
0	11.00	Bee20	43.25	46.65
0	11.00	Bee21	47.91	25.60
0	11.00	Bee22	29.52	40.94
0	11.00	Bee23	33.83	22.35
0	11.00	Bee24	12.90	39.93
0	11.00	Bee25	33.39	2.95
0	11.00	Bee26	48.60	28.92
0	11.00	Bee27	2.79	37.84
0	11.00	Bee28	22.27	11.94
0	11.00	Bee29	10.59	20.70
0	12.00	Bee00	25.48	7.92
0	12.00	Bee01	0.93	10.20
0	12.00	Bee02	15.13	42.92
0	12.00	Bee03	1.26	33.18
0	12.00	Bee04	10.23	48.28
0	12.00	Bee05	26.71	41.67
0	12.00	Bee06	48.11	3.42
0	12.00	Bee07	2.04	3.30
0	12.00	Bee08	18.32	14.76
0	12.00	Bee09	43.90	21.41
0	12.00	Bee10	21.14	0.80
0	12.00	Bee11	5.60	34.73
0	12.00	Bee12	1.52	48.28
0	12.00	Bee13	38.42	49.46
0	12.00	Bee14	34.21	2.29
0	12.00	Bee15	6.65	49.07
0	12.00	Bee16	38.26	48.31
0	12.00	Bee17	2.33	32.01
0	12.00	Bee18	20.96	17.30
0	12.00	Bee19	45.66	9.84
0	12.00	Bee20	45.10	47.37
0	12.00	Bee21	47.37	24.20
0	12.00	Bee22	28.44	42.61
0	12.00	Bee23	34.85	24.06
0	12.00	Bee24	11.40	41.24
0	12.00	Bee25	33.39	2.95
0	12.00	Bee26	48.25	30.89
0	12.00	Bee27	1.45	39.32
0	12.00	Bee28	21.07	10.35
0	12.00	Bee29	8.69	20.09
0	13.00	Bee00	27.42	7.95
0	13.00	Bee01	1.14	10.57
0	13.00	Bee02	13.64	44.16
0	13.00	Bee03	1.76	35.05
0	13.00	Bee04	8.39	47.67
0	13.00	Bee05	26.93	42.49
0	13.00	Bee06	46.50	4.49
0	13.00	Bee07	0.97	3.49
0	13.00	Bee08	16.61	15.67
0	13.00	Bee09	42.53	22.78
0	13.00	Bee10	21.57	1.09
0	13.00	Bee11	4.08	33.54
0	13.00	Bee12	0.93	47.51
0	13.00	Bee13	38.27	49.47
0	13.00	Bee14	34.12	2.33
0	13.00	Bee15	6.71	49.20
0	13.00	Bee16	38.45	48.29
0	13.00	Bee17	2.27	31.94
0	13.00	Bee18	19.14	16.64
0	13.00	Bee19	45.27	7.94
0	13.00	Bee20	46.91	48.07
0	13.00	Bee21	46.67	22.40
0	13.00	Bee22	27.38	44.24
0	13.00	Bee23	35.85	25.72
0	13.00	Bee24	9.94	42.50
0	13.00	Bee25	33.54	2.95
0	13.00	Bee26	47.90	32.79
0	13.00	Bee27	0.96	39.87
0	13.00	Bee28	19.90	8.80
0	13.00	Bee29	6.85	19.49
0	14.00	Bee00	29.45	7.99
0	14.00	Bee01	2.16	12.33
0	14.00	Bee02	12.09	45.47
0	14.00	Bee03	2.28	37.01
0	14.00	Bee04	6.47	47.03
0	14.00	Bee05	26.93	42.49
0	14.00	Bee06	45.28	5.30
0	14.00	Bee07	0.97	3.49
0	14.00	Bee08	14.82	16.62
0	14.00	Bee09	41.09	24.21
0	14.00	Bee10	23.25	2.23
0	14.00	Bee11	2.47	32.29
0	14.00	Bee12	0.93	47.51
0	14.00	Bee13	38.25	49.57
0	14.00	Bee14	34.12	2.33
0	14.00	Bee15	6.71	49.20
0	14.00	Bee16	38.48	48.37
0	14.00	Bee17	0.94	30.52
0	14.00	Bee18	17.23	15.94
0	14.00	Bee19	44.98	6.50
0	14.00	Bee20	48.80	48.81
0	14.00	Bee21	45.93	20.50
0	14.00	Bee22	26.28	45.94
0	14.00	Bee23	36.90	27.46
0	14.00	Bee24	8.40	43.84
0	14.00	Bee25	33.54	2.95
0	14.00	Bee26	47.55	34.79
0	14.00	Bee27	0.96	39.87
0	14.00	Bee28	18.68	7.18
0	14.00	Bee29	4.92	18.86
0	15.00	Bee00	31.44	8.02
0	15.00	Bee01	3.16	14.05
0	15.00	Bee02	10.56	46.75
0	15.00	Bee03	2.80	38.94
0	15.00	Bee04	4.57	46.40
0	15.00	Bee05	28.24	42.12
0	15.00	Bee06	45.28	5.30
0	15.00	Bee07	0.97	3.59
0	15.00	Bee08	13.06	17.56
0	15.00	Bee09	39.68	25.62
0	15.00	Bee10	24.90	3.34
0	15.00	Bee11	1.46	31.50
0	15.00	Bee12	2.14	46.27
0	15.00	Bee13	38.25	49.57
0	15.00	Bee14	34.16	2.43
0	15.00	Bee15	8.30	48.52
0	15.00	Bee16	38.48	48.37
0	15.00	Bee17	0.94	30.52
0	15.00	Bee18	15.36	15.26
0	15.00	Bee19	44.98	6.50
0	15.00	Bee20	49.15	48.95
0	15.00	Bee21	45.21	18.64
0	15.00	Bee22	25.19	47.61
0	15.00	Bee23	37.92	29.17
0	15.00	Bee24	6.90	45.15
0	15.00	Bee25	33.54	2.84
0	15.00	Bee26	47.19	36.76
0	15.00	Bee27	0.88	39.80
0	15.00	Bee28	17.48	5.58
0	15.00	Bee29	3.02	18.25
0	16.00	Bee00	33.39	8.06
0	16.00	Bee01	4.14	15.74
0	16.00	Bee02	9.91	47.29
0	16.00	Bee03	3.30	40.82
0	16.00	Bee04	3.88	46.17
0	16.00	Bee05	30.12	41.59
0	16.00	Bee06	44.54	4.48
0	16.00	Bee07	0.97	3.59
0	16.00	Bee08	11.34	18.48
0	16.00	Bee09	38.30	27.00
0	16.00	Bee10	26.52	4.44
0	16.00	Bee11	1.46	31.50
0	16.00	Bee12	2.74	45.67
0	16.00	Bee13	38.34	49.59
0	16.00	Bee14	34.11	2.51
0	16.00	Bee15	9.21	48.13
0	16.00	Bee16	38.42	48.45
0	16.00	Bee17	1.20	30.30
0	16.00	Bee18	13.53	14.59
0	16.00	Bee19	45.66	6.39
0	16.00	Bee20	49.15	48.95
0	16.00	Bee21	44.50	16.82
0	16.00	Bee22	24.25	49.06
0	16.00	Bee23	38.93	30.84
0	16.00	Bee24	5.43	46.43
0	16.00	Bee25	33.66	2.77
0	16.00	Bee26	46.85	38.68
0	16.00	Bee27	1.11	39.31
0	16.00	Bee28	16.30	4.02
0	16.00	Bee29	1.16	17.64
0	17.00	Bee00	35.40	8.09
0	17.00	Bee01	5.14	17.48
0	17.00	Bee02	9.91	47.29
0	17.00	Bee03	3.82	42.76
0	17.00	Bee04	3.81	46.23
0	17.00	Bee05	32.05	41.05
0	17.00	Bee06	43.20	2.99
0	17.00	Bee07	2.74	3.48
0	17.00	Bee08	9.56	19.42
0	17.00	Bee09	36.88	28.42
0	17.00	Bee10	28.18	5.56
0	17.00	Bee11	1.62	31.08
0	17.00	Bee12	2.59	45.17
0	17.00	Bee13	38.34	49.59
0	17.00	Bee14	34.15	2.61
0	17.00	Bee15	9.21	48.13
0	17.00	Bee16	37.63	48.19
0	17.00	Bee17	2.71	28.97
0	17.00	Bee18	11.64	13.90
0	17.00	Bee19	47.63	6.05
0	17.00	Bee20	49.10	49.06
0	17.00	Bee21	43.77	14.96
0	17.00	Bee22	24.25	49.06
0	17.00	Bee23	39.96	32.56
0	17.00	Bee24	5.00	46.80
0	17.00	Bee25	33.77	2.82
0	17.00	Bee26	46.50	40.65
0	17.00	Bee27	1.96	37.49
0	17.00	Bee28	15.10	2.42
0	17.00	Bee29	0.94	17.57
0	18.00	Bee00	37.38	8.13
0	18.00	Bee01	6.14	19.20
0	18.00	Bee02	9.98	47.41
0	18.00	Bee03	4.33	44.68
0	18.00	Bee04	3.81	46.23
0	18.00	Bee05	33.96	40.52
0	18.00	Bee06	41.87	1.51
0	18.00	Bee07	4.73	3.36
0	18.00	Bee08	7.81	20.35
0	18.00	Bee09	35.48	29.82
0	18.00	Bee10	29.83	6.67
0	18.00	Bee11	1.50	30.98
0	18.00	Bee12	2.02	43.27
0	18.00	Bee13	38.34	49.59
0	18.00	Bee14	35.07	2.93
0	18.00	Bee15	9.17	47.97
0	18.00	Bee16	35.75	47.56
0	18.00	Bee17	4.20	27.67
0	18.00	Bee18	9.77	13.22
0	18.00	Bee19	49.02	5.82
0	18.00	Bee20	48.66	48.94
0	18.00	Bee21	43.05	13.11
0	18.00	Bee22	23.06	48.69
0	18.00	Bee23	40.98	34.26
0	18.00	Bee24	4.88	46.73
0	18.00	Bee25	33.77	2.82
0	18.00	Bee26	46.15	42.61
0	18.00	Bee27	2.81	35.69
0	18.00	Bee28	13.99	0.96
0	18.00	Bee29	0.92	17.44
0	19.00	Bee00	39.48	8.16
0	19.00	Bee01	6.52	19.87
0	19.00	Bee02	9.90	47.51
0	19.00	Bee03	4.41	44.97
0	19.00	Bee04	3.72	46.16
0	19.00	Bee05	35.98	39.95
0	19.00	Bee06	41.36	0.93
0	19.00	Bee07	6.82	3.23
0	19.00	Bee08	7.27	20.64
0	19.00	Bee09	34.00	31.30
0	19.00	Bee10	31.56	7.84
0	19.00	Bee11	0.89	30.50
0	19.00	Bee12	1.41	41.26
0	19.00	Bee13	38.34	49.59
0	19.00	Bee14	37.05	3.62
0	19.00	Bee15	9.26	47.88
0	19.00	Bee16	33.76	46.90
0	19.00	Bee17	5.78	26.29
0	19.00	Bee18	7.81	12.51
0	19.00	Bee19	49.02	5.82
0	19.00	Bee20	46.64	48.37
0	19.00	Bee21	42.29	11.16
0	19.00	Bee22	21.06	48.08
0	19.00	Bee23	42.06	36.06
0	19.00	Bee24	4.88	46.73
0	19.00	Bee25	35.09	1.61
0	19.00	Bee26	45.78	44.67
0	19.00	Bee27	3.69	33.80
0	19.00	Bee28	13.99	0.96
0	19.00	Bee29	0.92	17.44
0	20.00	Bee00	41.44	8.20
0	20.00	Bee01	6.64	19.89
0	20.00	Bee02	9.77	47.50
0	20.00	Bee03	5.13	45.01
0	20.00	Bee04	3.33	46.32
0	20.00	Bee05	37.86	39.42
0	20.00	Bee06	41.24	0.94
0	20.00	Bee07	8.77	3.11
0	20.00	Bee08	7.27	20.64
0	20.00	Bee09	32.61	32.69
0	20.00	Bee10	33.19	8.94
0	20.00	Bee11	1.04	30.10
0	20.00	Bee12	0.97	39.79
0	20.00	Bee13	38.34	49.59
0	20.00	Bee14	38.90	4.26
0	20.00	Bee15	9.26	47.88
0	20.00	Bee16	31.90	46.28
0	20.00	Bee17	7.25	25.00
0	20.00	Bee18	5.97	11.84
0	20.00	Bee19	49.08	5.94
0	20.00	Bee20	44.76	47.84
0	20.00	Bee21	41.63	9.46
0	20.00	Bee22	19.19	47.50
0	20.00	Bee23	43.07	37.74
0	20.00	Bee24	4.83	46.82
0	20.00	Bee25	35.81	0.97
0	20.00	Bee26	45.43	46.59
0	20.00	Bee27	4.52	32.02
0	20.00	Bee28	14.06	0.87
0	20.00	Bee29	2.36	17.28
0	21.00	Bee00	41.44	8.20
0	21.00	Bee01	6.64	19.89
0	21.00	Bee02	9.77	47.50
0	21.00	Bee03	7.09	45.13
0	21.00	Bee04	1.51	47.04
0	21.00	Bee05	39.75	38.89
0	21.00	Bee06	41.24	0.94
0	21.00	Bee07	10.73	2.99
0	21.00	Bee08	7.94	22.48
0	21.00	Bee09	31.22	34.07
0	21.00	Bee10	34.81	10.04
0	21.00	Bee11	1.70	28.26
0	21.00	Bee12	0.97	39.79
0	21.00	Bee13	38.24	49.59
0	21.00	Bee14	40.75	4.90
0	21.00	Bee15	9.33	47.96
0	21.00	Bee16	30.04	45.66
0	21.00	Bee17	8.73	23.71
0	21.00	Bee18	4.13	11.17
0	21.00	Bee19	48.61	6.41
0	21.00	Bee20	42.87	47.31
0	21.00	Bee21	41.63	9.46
0	21.00	Bee22	17.31	46.92
0	21.00	Bee23	44.08	39.42
0	21.00	Bee24	4.83	46.82
0	21.00	Bee25	35.90	1.02
0	21.00	Bee26	45.38	46.87
0	21.00	Bee27	5.35	30.25
0	21.00	Bee28	14.18	0.88
0	21.00	Bee29	4.31	17.07
0	22.00	Bee00	41.43	8.29
0	22.00	Bee01	6.41	21.12
0	22.00	Bee02	9.47	46.39
0	22.00	Bee03	9.17	45.25
0	22.00	Bee04	0.93	47.27
0	22.00	Bee05	41.75	38.33
0	22.00	Bee06	41.38	2.39
0	22.00	Bee07	12.80	2.86
0	22.00	Bee08	8.06	22.81
0	22.00	Bee09	29.75	35.54
0	22.00	Bee10	36.53	11.20
0	22.00	Bee11	2.41	26.30
0	22.00	Bee12	2.27	38.90
0	22.00	Bee13	38.24	49.59
0	22.00	Bee14	42.72	5.58
0	22.00	Bee15	9.33	47.96
0	22.00	Bee16	28.07	45.01
0	22.00	Bee17	10.29	22.34
0	22.00	Bee18	2.17	10.46
0	22.00	Bee19	47.13	7.87
0	22.00	Bee20	40.87	46.75
0	22.00	Bee21	40.90	9.64
0	22.00	Bee22	15.33	46.30
0	22.00	Bee23	45.15	41.20
0	22.00	Bee24	5.69	47.45
0	22.00	Bee25	37.72	2.03
0	22.00	Bee26	46.28	47.60
0	22.00	Bee27	6.24	28.36
0	22.00	Bee28	14.18	0.88
0	22.00	Bee29	6.37	16.84
0	23.00	Bee00	41.43	8.29
0	23.00	Bee01	6.06	23.05
0	23.00	Bee02	9.47	46.39
0	23.00	Bee03	9.17	45.25
0	23.00	Bee04	0.93	47.27
0	23.00	Bee05	43.64	37.80
0	23.00	Bee06	41.57	4.34
0	23.00	Bee07	13.90	2.79
0	23.00	Bee08	8.75	22.80
0	23.00	Bee09	28.37	36.92
0	23.00	Bee10	38.16	12.30
0	23.00	Bee11	3.07	24.46
0	23.00	Bee12	3.88	37.79
0	23.00	Bee13	38.24	49.59
0	23.00	Bee14	44.57	6.22
0	23.00	Bee15	9.79	47.65
0	23.00	Bee16	26.21	44.39
0	23.00	Bee17	11.77	21.05
0	23.00	Bee18	0.89	9.99
0	23.00	Bee19	45.74	9.25
0	23.00	Bee20	38.98	46.22
0	23.00	Bee21	38.99	10.09
0	23.00	Bee22	13.46	45.72
0	23.00	Bee23	46.16	42.88
0	23.00	Bee24	7.26	48.62
0	23.00	Bee25	39.43	2.98
0	23.00	Bee26	47.80	48.83
0	23.00	Bee27	7.07	26.59
0	23.00	Bee28	14.29	1.66
0	23.00	Bee29	8.32	16.63
0	24.00	Bee00	42.15	8.44
0	24.00	Bee01	5.70	25.02
0	24.00	Bee02	9.93	46.20
0	24.00	Bee03	9.53	44.35
0	24.00	Bee04	0.90	47.18
0	24.00	Bee05	45.58	37.26
0	24.00	Bee06	41.76	6.34
0	24.00	Bee07	13.90	2.79
0	24.00	Bee08	10.76	22.77
0	24.00	Bee09	26.94	38.34
0	24.00	Bee10	39.82	13.42
0	24.00	Bee11	3.76	22.57
0	24.00	Bee12	5.54	36.65
0	24.00	Bee13	38.24	49.59
0	24.00	Bee14	46.47	6.88
0	24.00	Bee15	9.79	47.65
0	24.00	Bee16	24.31	43.75
0	24.00	Bee17	13.28	19.73
0	24.00	Bee18	0.89	9.99
0	24.00	Bee19	44.31	10.67
0	24.00	Bee20	37.05	45.68
0	24.00	Bee21	37.04	10.56
0	24.00	Bee22	11.54	45.13
0	24.00	Bee23	47.20	44.60
0	24.00	Bee24	7.84	49.06
0	24.00	Bee25	41.18	3.95
0	24.00	Bee26	48.09	49.07
0	24.00	Bee27	7.92	24.77
0	24.00	Bee28	14.29	1.66
0	24.00	Bee29	10.32	16.41
0	25.00	Bee00	44.14	8.86
0	25.00	Bee01	5.34	27.02
0	25.00	Bee02	10.51	45.97
0	25.00	Bee03	10.30	42.47
0	25.00	Bee04	0.90	47.18
0	25.00	Bee05	47.53	36.71
0	25.00	Bee06	41.95	8.36
0	25.00	Bee07	13.91	2.65
0	25.00	Bee08	12.79	22.74
0	25.00	Bee09	25.51	39.78
0	25.00	Bee10	41.51	14.56
0	25.00	Bee11	4.45	20.65
0	25.00	Bee12	7.21	35.50
0	25.00	Bee13	38.24	49.59
0	25.00	Bee14	48.39	7.55
0	25.00	Bee15	10.39	48.56
0	25.00	Bee16	22.38	43.11
0	25.00	Bee17	14.81	18.39
0	25.00	Bee18	0.90	9.80
0	25.00	Bee19	42.87	12.10
0	25.00	Bee20	35.09	45.13
0	25.00	Bee21	35.06	11.03
0	25.00	Bee22	10.94	44.94
0	25.00	Bee23	48.24	46.34
0	25.00	Bee24	7.79	49.15
0	25.00	Bee25	42.96	4.94
0	25.00	Bee26	48.09	49.07
0	25.00	Bee27	8.78	22.93
0	25.00	Bee28	15.70	1.61
0	25.00	Bee29	12.34	16.20
0	26.00	Bee00	46.01	9.25
0	26.00	Bee01	5.00	28.91
0	26.00	Bee02	10.49	45.81
0	26.00	Bee03	11.01	40.69
0	26.00	Bee04	2.72	46.59
0	26.00	Bee05	49.08	36.28
0	26.00	Bee06	42.14	10.27
0	26.00	Bee07	13.91	2.65
0	26.00	Bee08	14.70	22.71
0	26.00	Bee09	24.15	41.13
0	26.00	Bee10	43.09	15.63
0	26.00	Bee11	5.09	18.85
0	26.00	Bee12	8.79	34.41
0	26.00	Bee13	38.24	49.59
0	26.00	Bee14	49.13	7.80
0	26.00	Bee15	10.76	49.12
0	26.00	Bee16	20.56	42.51
0	26.00	Bee17	16.25	17.13
0	26.00	Bee18	0.80	9.77
0	26.00	Bee19	41.51	13.45
0	26.00	Bee20	33.25	44.61
0	26.00	Bee21	33.20	11.48
0	26.00	Bee22	10.94	44.94
0	26.00	Bee23	49.07	47.72
0	26.00	Bee24	7.79	49.15
0	26.00	Bee25	44.63	5.87
0	26.00	Bee26	48.00	49.16
0	26.00	Bee27	9.59	21.20
0	26.00	Bee28	17.61	1.55
0	26.00	Bee29	14.24	15.99
0	27.00	Bee00	47.92	9.65
0	27.00	Bee01	4.65	30.82
0	27.00	Bee02	10.49	45.81
0	27.00	Bee03	11.74	38.89
0	27.00	Bee04	4.57	46.00
0	27.00	Bee05	49.08	36.28
0	27.00	Bee06	42.32	12.21
0	27.00	Bee07	15.25	2.73
0	27.00	Bee08	16.65	22.68
0	27.00	Bee09	22.77	42.51
0	27.00	Bee10	44.71	16.72
0	27.00	Bee11	5.76	17.02
0	27.00	Bee12	10.39	33.31
0	27.00	Bee13	38.41	49.59
0	27.00	Bee14	49.13	7.80
0	27.00	Bee15	10.76	49.12
0	27.00	Bee16	18.72	41.89
0	27.00	Bee17	17.71	15.84
0	27.00	Bee18	0.80	9.77
0	27.00	Bee19	40.13	14.82
0	27.00	Bee20	31.37	44.09
0	27.00	Bee21	31.31	11.93
0	27.00	Bee22	10.90	45.09
0	27.00	Bee23	49.07	47.72
0	27.00	Bee24	7.23	48.96
0	27.00	Bee25	46.34	6.81
0	27.00	Bee26	47.90	49.08
0	27.00	Bee27	10.42	19.43
0	27.00	Bee28	19.56	1.49
0	27.00	Bee29	16.18	15.78
0	28.00	Bee00	49.18	9.91
0	28.00	Bee01	4.28	32.86
0	28.00	Bee02	8.90	44.75
0	28.00	Bee03	12.52	36.97
0	28.00	Bee04	6.54	45.36
0	28.00	Bee05	49.23	36.50
0	28.00	Bee06	42.52	14.27
0	28.00	Bee07	17.32	2.86
0	28.00	Bee08	18.72	22.65
0	28.00	Bee09	21.31	43.97
0	28.00	Bee10	46.42	17.88
0	28.00	Bee11	6.46	15.07
0	28.00	Bee12	12.10	32.14
0	28.00	Bee13	38.79	48.91
0	28.00	Bee14	48.97	8.70
0	28.00	Bee15	12.46	48.25
0	28.00	Bee16	16.75	41.24
0	28.00	Bee17	19.27	14.48
0	28.00	Bee18	0.74	9.95
0	28.00	Bee19	38.66	16.28
0	28.00	Bee20	29.38	43.53
0	28.00	Bee21	29.29	12.41
0	28.00	Bee22	10.90	45.09
0	28.00	Bee23	49.52	47.71
0	28.00	Bee24	5.27	48.30
0	28.00	Bee25	48.15	7.82
0	28.00	Bee26	46.34	47.72
0	28.00	Bee27	11.29	17.56
0	28.00	Bee28	21.63	1.43
0	28.00	Bee29	16.78	15.71
0	29.00	Bee00	49.26	10.08
0	29.00	Bee01	3.93	34.82
0	29.00	Bee02	8.16	44.26
0	29.00	Bee03	13.27	35.12
0	29.00	Bee04	7.56	45.03
0	29.00	Bee05	49.39	36.45
0	29.00	Bee06	42.71	16.25
0	29.00	Bee07	19.30	2.99
0	29.00	Bee08	20.71	22.62
0	29.00	Bee09	19.90	45.38
0	29.00	Bee10	48.07	18.99
0	29.00	Bee11	7.13	13.20
0	29.00	Bee12	13.74	31.01
0	29.00	Bee13	39.74	47.16
0	29.00	Bee14	48.97	8.70
0	29.00	Bee15	14.23	47.34
0	29.00	Bee16	14.86	40.61
0	29.00	Bee17	20.77	13.17
0	29.00	Bee18	0.74	9.95
0	29.00	Bee19	37.25	17.68
0	29.00	Bee20	27.46	42.99
0	29.00	Bee21	27.36	12.88
0	29.00	Bee22	9.51	44.58
0	29.00	Bee23	49.52	47.71
0	29.00	Bee24	3.39	47.66
0	29.00	Bee25	48.15	7.82
0	29.00	Bee26	44.84	46.42
0	29.00	Bee27	12.14	15.75
0	29.00	Bee28	23.62	1.36
0	29.00	Bee29	16.78	15.71
0	30.00	Bee00	49.26	10.08
0	30.00	Bee01	3.61	36.57
0	30.00	Bee02	7.99	44.36
0	30.00	Bee03	13.94	33.47
0	30.00	Bee04	7.56	45.03
0	30.00	Bee05	49.39	36.45
0	30.00	Bee06	42.88	18.02
0	30.00	Bee07	21.08	3.10
0	30.00	Bee08	22.49	22.59
0	30.00	Bee09	18.64	46.64
0	30.00	Bee10	49.06	19.66
0	30.00	Bee11	7.74	11.53
0	30.00	Bee12	15.21	30.00
0	30.00	Bee13	40.59	45.60
0	30.00	Bee14	49.19	8.72
0	30.00	Bee15	15.82	46.53
0	30.00	Bee16	13.17	40.04
0	30.00	Bee17	22.11	12.00
0	30.00	Bee18	0.55	9.98
0	30.00	Bee19	35.98	18.94
0	30.00	Bee20	25.75	42.51
0	30.00	Bee21	25.62	13.29
0	30.00	Bee22	9.33	44.51
0	30.00	Bee23	49.51	47.49
0	30.00	Bee24	1.70	47.09
0	30.00	Bee25	48.14	7.98
0	30.00	Bee26	43.49	45.25
0	30.00	Bee27	12.89	14.14
0	30.00	Bee28	25.40	1.31
0	30.00	Bee29	16.93	17.07
0	31.00	Bee00	48.54	10.37
0	31.00	Bee01	3.20	38.81
0	31.00	Bee02	7.99	44.36
0	31.00	Bee03	14.79	31.37
0	31.00	Bee04	9.17	46.63
0	31.00	Bee05	49.51	36.59
0	31.00	Bee06	43.09	20.28
0	31.00	Bee07	23.35	3.24
0	31.00	Bee08	24.76	22.56
0	31.00	Bee09	17.03	48.24
0	31.00	Bee10	49.06	19.66
0	31.00	Bee11	8.51	9.39
0	31.00	Bee12	17.08	28.71
0	31.00	Bee13	41.31	44.29
0	31.00	Bee14	49.38	9.03
0	31.00	Bee15	17.84	45.49
0	31.00	Bee16	11.02	39.33
0	31.00	Bee17	23.82	10.50
0	31.00	Bee18	0.50	10.24
0	31.00	Bee19	34.37	20.54
0	31.00	Bee20	23.56	41.89
0	31.00	Bee21	23.42	13.82
0	31.00	Bee22	9.12	44.87
0	31.00	Bee23	49.09	47.44
0	31.00	Bee24	0.73	46.76
0	31.00	Bee25	48.41	8.22
0	31.00	Bee26	42.36	44.28
0	31.00	Bee27	13.86	12.08
0	31.00	Bee28	27.67	1.24
0	31.00	Bee29	17.17	19.33
0	32.00	Bee00	46.70	11.10
0	32.00	Bee01	2.85	40.76
0	32.00	Bee02	8.05	44.53
0	32.00	Bee03	15.53	29.53
0	32.00	Bee04	10.58	48.03
0	32.00	Bee05	49.51	36.59
0	32.00	Bee06	43.28	22.26
0	32.00	Bee07	25.33	3.37
0	32.00	Bee08	26.75	22.52
0	32.00	Bee09	16.09	49.19
0	32.00	Bee10	48.38	20.57
0	32.00	Bee11	9.18	7.53
0	32.00	Bee12	18.71	27.59
0	32.00	Bee13	41.31	44.29
0	32.00	Bee14	49.38	9.03
0	32.00	Bee15	19.60	44.59
0	32.00	Bee16	9.14	38.70
0	32.00	Bee17	25.31	9.20
0	32.00	Bee18	0.62	10.37
0	32.00	Bee19	32.96	21.93
0	32.00	Bee20	21.65	41.36
0	32.00	Bee21	21.49	14.28
0	32.00	Bee22	9.12	44.87
0	32.00	Bee23	47.13	47.19
0	32.00	Bee24	0.57	46.87
0	32.00	Bee25	48.41	8.22
0	32.00	Bee26	42.36	44.28
0	32.00	Bee27	14.70	10.29
0	32.00	Bee28	29.65	1.17
0	32.00	Bee29	17.38	21.30
0	33.00	Bee00	44.81	11.85
0	33.00	Bee01	2.49	42.75
0	33.00	Bee02	8.05	44.53
0	33.00	Bee03	16.30	27.65
0	33.00	Bee04	11.63	49.08
0	33.00	Bee05	49.51	36.59
0	33.00	Bee06	43.47	24.28
0	33.00	Bee07	27.35	3.50
0	33.00	Bee08	28.78	22.49
0	33.00	Bee09	16.09	49.19
0	33.00	Bee10	47.16	22.19
0	33.00	Bee11	9.87	5.62
0	33.00	Bee12	20.38	26.44
0	33.00	Bee13	40.25	42.56
0	33.00	Bee14	49.60	9.04
0	33.00	Bee15	21.41	43.66
0	33.00	Bee16	7.21	38.06
0	33.00	Bee17	26.84	7.86
0	33.00	Bee18	0.58	10.55
0	33.00	Bee19	31.52	23.36
0	33.00	Bee20	19.70	40.81
0	33.00	Bee21	19.51	14.75
0	33.00	Bee22	9.12	44.87
0	33.00	Bee23	45.11	46.94
0	33.00	Bee24	0.59	47.05
0	33.00	Bee25	48.64	7.94
0	33.00	Bee26	42.99	43.26
0	33.00	Bee27	15.56	8.45
0	33.00	Bee28	31.68	1.11
0	33.00	Bee29	17.59	23.32
0	34.00	Bee00	43.07	12.55
0	34.00	Bee01	2.15	44.59
0	34.00	Bee02	8.25	44.56
0	34.00	Bee03	17.00	25.91
0	34.00	Bee04	11.63	49.08
0	34.00	Bee05	49.59	36.46
0	34.00	Bee06	43.65	26.14
0	34.00	Bee07	29.22	3.61
0	34.00	Bee08	30.65	22.47
0	34.00	Bee09	14.56	48.44
0	34.00	Bee10	46.04	23.69
0	34.00	Bee11	10.51	3.86
0	34.00	Bee12	21.93	25.38
0	34.00	Bee13	39.27	40.96
0	34.00	Bee14	49.60	9.04
0	34.00	Bee15	23.07	42.80
0	34.00	Bee16	5.44	37.47
0	34.00	Bee17	28.25	6.63
0	34.00	Bee18	0.58	10.55
0	34.00	Bee19	30.19	24.68
0	34.00	Bee20	17.90	40.30
0	34.00	Bee21	17.69	15.19
0	34.00	Bee22	10.64	45.64
0	34.00	Bee23	43.26	46.70
0	34.00	Bee24	0.59	47.05
0	34.00	Bee25	49.10	7.39
0	34.00	Bee26	43.98	41.68
0	34.00	Bee27	16.35	6.75
0	34.00	Bee28	33.55	1.05
0	34.00	Bee29	17.79	25.18
0	35.00	Bee00	41.15	13.31
0	35.00	Bee01	1.85	46.25
0	35.00	Bee02	8.55	45.43
0	35.00	Bee03	17.07	25.74
0	35.00	Bee04	12.74	48.78
0	35.00	Bee05	49.51	36.27
0	35.00	Bee06	43.85	28.20
0	35.00	Bee07	31.28	3.74
0	35.00	Bee08	32.71	22.43
0	35.00	Bee09	13.53	47.93
0	35.00	Bee10	44.80	25.34
0	35.00	Bee11	11.21	1.91
0	35.00	Bee12	23.63	24.21
0	35.00	Bee13	38.20	39.20
0	35.00	Bee14	49.58	9.26
0	35.00	Bee15	24.91	41.86
0	35.00	Bee16	3.48	36.81
0	35.00	Bee17	29.80	5.27
0	35.00	Bee18	0.44	10.57
0	35.00	Bee19	28.73	26.14
0	35.00	Bee20	15.91	39.74
0	35.00	Bee21	15.68	15.67
0	35.00	Bee22	12.48	46.57
0	35.00	Bee23	41.21	46.45
0	35.00	Bee24	1.56	47.27
0	35.00	Bee25	49.10	7.39
0	35.00	Bee26	45.07	39.92
0	35.00	Bee27	17.23	4.88
0	35.00	Bee28	35.61	0.99
0	35.00	Bee29	17.79	25.18
0	36.00	Bee00	39.26	14.07
0	36.00	Bee01	1.85	46.25
0	36.00	Bee02	9.22	47.36
0	36.00	Bee03	17.07	25.74
0	36.00	Bee04	12.79	48.63
0	36.00	Bee05	49.51	36.27
0	36.00	Bee06	44.04	30.23
0	36.00	Bee07	33.32	3.87
0	36.00	Bee08	34.75	22.40
0	36.00	Bee09	13.53	47.93
0	36.00	Bee10	43.57	26.97
0	36.00	Bee11	11.58	0.88
0	36.00	Bee12	25.31	23.05
0	36.00	Bee13	37.13	37.45
0	36.00	Bee14	49.58	9.26
0	36.00	Bee15	26.73	40.93
0	36.00	Bee16	1.54	36.17
0	36.00	Bee17	31.34	3.92
0	36.00	Bee18	0.41	10.71
0	36.00	Bee19	27.28	27.57
0	36.00	Bee20	13.94	39.19
0	36.00	Bee21	13.70	16.14
0	36.00	Bee22	12.98	46.83
0	36.00	Bee23	39.18	46.19
0	36.00	Bee24	1.56	47.27
0	36.00	Bee25	47.77	5.84
0	36.00	Bee26	46.15	38.19
0	36.00	Bee27	18.09	3.03
0	36.00	Bee28	35.61	0.99
0	36.00	Bee29	17.79	25.18
0	37.00	Bee00	37.36	14.83
0	37.00	Bee01	1.71	46.30
0	37.00	Bee02	9.85	49.17
0	37.00	Bee03	17.07	25.74
0	37.00	Bee04	12.79	48.63
0	37.00	Bee05	49.51	36.27
0	37.00	Bee06	44.24	32.27
0	37.00	Bee07	35.36	4.00
0	37.00	Bee08	36.80	22.37
0	37.00	Bee09	13.58	47.77
0	37.00	Bee10	42.34	28.61
0	37.00	Bee11	11.48	0.80
0	37.00	Bee12	27.00	21.89
0	37.00	Bee13	36.06	35.71
0	37.00	Bee14	49.58	9.26
0	37.00	Bee15	28.55	39.99
0	37.00	Bee16	0.94	35.97
0	37.00	Bee17	32.88	2.58
0	37.00	Bee18	0.41	10.71
0	37.00	Bee19	25.83	29.01
0	37.00	Bee20	11.97	38.64
0	37.00	Bee21	11.71	16.62
0	37.00	Bee22	13.26	46.54
0	37.00	Bee23	37.15	45.94
0	37.00	Bee24	1.72	48.68
0	37.00	Bee25	46.44	4.28
0	37.00	Bee26	47.23	36.45
0	37.00	Bee27	18.96	1.18
0	37.00	Bee28	35.66	0.85
0	37.00	Bee29	17.79	25.18
