Run	Time	Name	X_pos	Y_pos

0	0.00	Bee00	3.50	3.50
0	0.00	Bee01	41.50	27.50
0	0.00	Bee02	9.50	22.50
0	0.00	Bee03	31.50	22.50
0	0.00	Bee04	9.50	30.50
0	0.00	Bee05	22.50	23.50
0	0.00	Bee06	7.50	33.50
0	0.00	Bee07	35.50	41.50
0	0.00	Bee08	15.50	8.50
0	0.00	Bee09	28.50	29.50
0	0.00	Bee10	31.50	10.50
0	0.00	Bee11	13.50	29.50
0	0.00	Bee12	37.50	40.50
0	0.00	Bee13	2.50	17.50
0	0.00	Bee14	6.50	11.50
0	0.00	Bee15	5.50	4.50
0	0.00	Bee16	4.50	11.50
0	0.00	Bee17	32.50	9.50
0	0.00	Bee18	36.50	26.50
0	0.00	Bee19	0.50	23.50
0	0.00	Bee20	43.50	35.50
0	0.00	Bee21	15.50	0.50
0	0.00	Bee22	11.50	40.50
0	0.00	Bee23	19.50	11.50
0	0.00	Bee24	43.50	14.50
0	0.00	Bee25	7.50	41.50
0	0.00	Bee26	34.50	36.50
0	0.00	Bee27	45.50	22.50
0	0.00	Bee28	30.50	0.50
0	0.00	Bee29	45.50	9.50
0	1.00	Bee00	2.98	3.20
0	1.00	Bee01	40.94	27.29
0	1.00	Bee02	9.77	23.03
0	1.00	Bee03	32.09	22.41
0	1.00	Bee04	9.04	30.11
0	1.00	Bee05	22.21	22.98
0	1.00	Bee06	7.95	33.90
0	1.00	Bee07	36.09	41.58
0	1.00	Bee08	14.90	8.54
0	1.00	Bee09	28.23	28.97
0	1.00	Bee10	32.03	10.78
0	1.00	Bee11	13.20	30.02
0	1.00	Bee12	36.91	40.39
0	1.00	Bee13	2.01	17.84
0	1.00	Bee14	6.77	10.97
0	1.00	Bee15	5.37	5.08
0	1.00	Bee16	4.34	10.92
0	1.00	Bee17	32.07	9.92
0	1.00	Bee18	35.90	26.50
0	1.00	Bee19	0.92	23.08
0	1.00	Bee20	42.99	35.81
0	1.00	Bee21	16.10	0.54
0	1.00	Bee22	11.69	39.93
0	1.00	Bee23	19.20	12.02
0	1.00	Bee24	42.93	14.31
0	1.00	Bee25	7.75	42.04
0	1.00	Bee26	34.78	37.03
0	1.00	Bee27	45.14	22.02
0	1.00	Bee28	30.50	0.50
0	1.00	Bee29	46.05	9.27
0	2.00	Bee00	2.98	3.20
0	2.00	Bee01	40.94	27.29
0	2.00	Bee02	9.77	23.03
0	2.00	Bee03	32.09	22.41
0	2.00	Bee04	9.04	30.11
0	2.00	Bee05	22.21	22.98
0	2.00	Bee06	7.95	33.90
0	2.00	Bee07	36.09	41.58
0	2.00	Bee08	14.90	8.54
0	2.00	Bee09	28.23	28.97
0	2.00	Bee10	32.03	10.78
0	2.00	Bee11	13.20	30.02
0	2.00	Bee12	36.91	40.39
0	2.00	Bee13	2.01	17.84
0	2.00	Bee14	6.77	10.97
0	2.00	Bee15	5.37	5.08
0	2.00	Bee16	4.34	10.92
0	2.00	Bee17	32.07	9.92
0	2.00	Bee18	35.90	26.50
0	2.00	Bee19	0.92	23.08
0	2.00	Bee20	42.99	35.81
0	2.00	Bee21	16.10	0.54
0	2.00	Bee22	11.69	39.93
0	2.00	Bee23	19.20	12.02
0	2.00	Bee24	42.93	14.31
0	2.00	Bee25	7.75	42.04
0	2.00	Bee26	34.78	37.03
0	2.00	Bee27	45.14	22.02
0	2.00	Bee28	30.50	0.50
0	2.00	Bee29	46.05	9.27
0	3.00	Bee00	2.98	3.20
0	3.00	Bee01	40.94	27.29
0	3.00	Bee02	9.77	23.03
0	3.00	Bee03	32.09	22.41
0	3.00	Bee04	9.04	30.11
0	3.00	Bee05	22.21	22.98
0	3.00	Bee06	7.95	33.90
0	3.00	Bee07	36.09	41.58
0	3.00	Bee08	14.90	8.54
0	3.00	Bee09	28.23	28.97
0	3.00	Bee10	32.03	10.78
0	3.00	Bee11	13.20	30.02
0	3.00	Bee12	36.91	40.39
0	3.00	Bee13	2.01	17.84
0	3.00	Bee14	6.77	10.97
0	3.00	Bee15	5.37	5.08
0	3.00	Bee16	4.34	10.92
0	3.00	Bee17	32.07	9.92
0	3.00	Bee18	35.90	26.50
0	3.00	Bee19	0.92	23.08
0	3.00	Bee20	42.99	35.81
0	3.00	Bee21	16.10	0.54
0	3.00	Bee22	11.69	39.93
0	3.00	Bee23	19.20	12.02
0	3.00	Bee24	42.93	14.31
0	3.00	Bee25	7.75	42.04
0	3.00	Bee26	34.78	37.03
0	3.00	Bee27	45.14	22.02
0	3.00	Bee28	30.50	0.50
0	3.00	Bee29	46.05	9.27
0	4.00	Bee00	2.98	3.20
0	4.00	Bee01	40.94	27.29
0	4.00	Bee02	9.77	23.03
0	4.00	Bee03	32.09	22.41
0	4.00	Bee04	9.04	30.11
0	4.00	Bee05	22.21	22.98
0	4.00	Bee06	7.95	33.90
0	4.00	Bee07	36.09	41.58
0	4.00	Bee08	14.90	8.54
0	4.00	Bee09	28.23	28.97
0	4.00	Bee10	32.03	10.78
0	4.00	Bee11	13.20	30.02
0	4.00	Bee12	36.91	40.39
0	4.00	Bee13	2.01	17.84
0	4.00	Bee14	6.77	10.97
0	4.00	Bee15	5.37	5.08
0	4.00	Bee16	4.34	10.92
0	4.00	Bee17	32.07	9.92
0	4.00	Bee18	35.90	26.50
0	4.00	Bee19	0.92	23.08
0	4.00	Bee20	42.99	35.81
0	4.00	Bee21	16.10	0.54
0	4.00	Bee22	11.69	39.93
0	4.00	Bee23	19.20	12.02
0	4.00	Bee24	42.93	14.31
0	4.00	Bee25	7.75	42.04
0	4.00	Bee26	34.78	37.03
0	4.00	Bee27	45.14	22.02
0	4.00	Bee28	30.50	0.50
0	4.00	Bee29	46.05	9.27
0	5.00	Bee00	2.98	3.20
0	5.00	Bee01	40.94	27.29
0	5.00	Bee02	9.77	23.03
0	5.00	Bee03	32.09	22.41
0	5.00	Bee04	9.04	30.11
0	5.00	Bee05	22.21	22.98
0	5.00	Bee06	7.95	33.90
0	5.00	Bee07	36.09	41.58
0	5.00	Bee08	14.90	8.54
0	5.00	Bee09	28.23	28.97
0	5.00	Bee10	32.03	10.78
0	5.00	Bee11	13.20	30.02
0	5.00	Bee12	36.91	40.39
0	5.00	Bee13	2.01	17.84
0	5.00	Bee14	6.77	10.97
0	5.00	Bee15	5.37	5.08
0	5.00	Bee16	4.34	10.92
0	5.00	Bee17	32.07	9.92
0	5.00	Bee18	35.90	26.50
0	5.00	Bee19	0.92	23.08
0	5.00	Bee20	42.99	35.81
0	5.00	Bee21	16.10	0.54
0	5.00	Bee22	11.69	39.93
0	5.00	Bee23	19.20	12.02
0	5.00	Bee24	42.93	14.31
0	5.00	Bee25	7.75	42.04
0	5.00	Bee26	34.78	37.03
0	5.00	Bee27	45.14	22.02
0	5.00	Bee28	30.50	0.50
0	5.00	Bee29	46.05	9.27
0	6.00	Bee00	2.98	3.20
0	6.00	Bee01	31.54	23.87
0	6.00	Bee02	14.31	31.94
0	6.00	Bee03	41.97	20.84
0	6.00	Bee04	1.38	23.69
0	6.00	Bee05	17.36	14.23
0	6.00	Bee06	15.38	40.59
0	6.00	Bee07	46.00	42.98
0	6.00	Bee08	4.93	9.24
0	6.00	Bee09	23.69	20.06
0	6.00	Bee10	40.86	15.48
0	6.00	Bee11	8.20	38.68
0	6.00	Bee12	27.09	38.48
0	6.00	Bee13	2.01	17.84
0	6.00	Bee14	11.31	2.06
0	6.00	Bee15	3.12	14.83
0	6.00	Bee16	1.76	1.26
0	6.00	Bee17	32.07	9.92
0	6.00	Bee18	25.90	26.50
0	6.00	Bee19	8.00	16.00
0	6.00	Bee20	34.41	40.96
0	6.00	Bee21	16.10	0.54
0	6.00	Bee22	14.78	30.42
0	6.00	Bee23	14.20	20.68
0	6.00	Bee24	33.42	11.22
0	6.00	Bee25	7.75	42.04
0	6.00	Bee26	39.48	45.86
0	6.00	Bee27	39.12	14.03
0	6.00	Bee28	30.50	0.50
0	6.00	Bee29	46.05	9.27
0	7.00	Bee00	2.98	3.20
0	7.00	Bee01	31.54	23.87
0	7.00	Bee02	14.31	31.94
0	7.00	Bee03	41.97	20.84
0	7.00	Bee04	1.38	23.69
0	7.00	Bee05	17.36	14.23
0	7.00	Bee06	15.38	40.59
0	7.00	Bee07	46.00	42.98
0	7.00	Bee08	4.93	9.24
0	7.00	Bee09	23.69	20.06
0	7.00	Bee10	40.86	15.48
0	7.00	Bee11	8.20	38.68
0	7.00	Bee12	27.09	38.48
0	7.00	Bee13	2.01	17.84
0	7.00	Bee14	11.31	2.06
0	7.00	Bee15	3.12	14.83
0	7.00	Bee16	1.76	1.26
0	7.00	Bee17	32.07	9.92
0	7.00	Bee18	25.90	26.50
0	7.00	Bee19	8.00	16.00
0	7.00	Bee20	34.41	40.96
0	7.00	Bee21	16.10	0.54
0	7.00	Bee22	14.78	30.42
0	7.00	Bee23	14.20	20.68
0	7.00	Bee24	33.42	11.22
0	7.00	Bee25	7.75	42.04
0	7.00	Bee26	39.48	45.86
0	7.00	Bee27	39.12	14.03
0	7.00	Bee28	30.50	0.50
0	7.00	Bee29	46.05	9.27
0	8.00	Bee00	2.98	3.20
0	8.00	Bee01	27.30	22.33
0	8.00	Bee02	16.36	35.97
0	8.00	Bee03	46.43	20.14
0	8.00	Bee04	1.38	23.69
0	8.00	Bee05	15.17	10.28
0	8.00	Bee06	18.73	43.61
0	8.00	Bee07	46.00	42.98
0	8.00	Bee08	0.42	9.55
0	8.00	Bee09	21.64	16.03
0	8.00	Bee10	44.84	17.60
0	8.00	Bee11	5.94	42.59
0	8.00	Bee12	22.66	37.62
0	8.00	Bee13	2.01	17.84
0	8.00	Bee14	11.31	2.06
0	8.00	Bee15	2.10	19.23
0	8.00	Bee16	1.76	1.26
0	8.00	Bee17	32.07	9.92
0	8.00	Bee18	21.39	26.50
0	8.00	Bee19	11.19	12.81
0	8.00	Bee20	30.55	43.28
0	8.00	Bee21	16.10	0.54
0	8.00	Bee22	16.17	26.13
0	8.00	Bee23	11.94	24.59
0	8.00	Bee24	29.13	9.83
0	8.00	Bee25	7.75	42.04
0	8.00	Bee26	39.48	45.86
0	8.00	Bee27	36.40	10.43
0	8.00	Bee28	34.41	2.76
0	8.00	Bee29	46.05	9.27
0	9.00	Bee00	2.66	5.72
0	9.00	Bee01	24.92	21.46
0	9.00	Bee02	17.51	38.22
0	9.00	Bee03	48.93	19.74
0	9.00	Bee04	1.38	23.69
0	9.00	Bee05	13.94	8.06
0	9.00	Bee06	20.62	45.31
0	9.00	Bee07	47.04	42.46
0	9.00	Bee08	0.42	9.55
0	9.00	Bee09	20.49	13.78
0	9.00	Bee10	47.08	18.79
0	9.00	Bee11	4.68	44.78
0	9.00	Bee12	20.18	37.13
0	9.00	Bee13	4.15	19.19
0	9.00	Bee14	11.16	0.90
0	9.00	Bee15	1.53	21.70
0	9.00	Bee16	1.40	0.96
0	9.00	Bee17	31.15	7.55
0	9.00	Bee18	18.85	26.50
0	9.00	Bee19	12.98	11.02
0	9.00	Bee20	28.37	44.59
0	9.00	Bee21	16.10	0.54
0	9.00	Bee22	16.95	23.72
0	9.00	Bee23	10.68	26.78
0	9.00	Bee24	26.72	9.05
0	9.00	Bee25	9.46	40.17
0	9.00	Bee26	40.50	46.40
0	9.00	Bee27	34.88	8.41
0	9.00	Bee28	36.60	4.02
0	9.00	Bee29	44.23	7.50
0	10.00	Bee00	2.40	7.84
0	10.00	Bee01	22.91	20.73
0	10.00	Bee02	18.48	40.13
0	10.00	Bee03	49.29	19.68
0	10.00	Bee04	0.69	23.98
0	10.00	Bee05	12.91	6.20
0	10.00	Bee06	22.20	46.74
0	10.00	Bee07	48.95	41.51
0	10.00	Bee08	0.45	9.90
0	10.00	Bee09	19.52	11.87
0	10.00	Bee10	48.04	19.29
0	10.00	Bee11	3.61	46.63
0	10.00	Bee12	18.08	36.72
0	10.00	Bee13	5.96	20.33
0	10.00	Bee14	11.16	0.90
0	10.00	Bee15	1.21	23.09
0	10.00	Bee16	0.71	1.11
0	10.00	Bee17	30.38	5.56
0	10.00	Bee18	16.71	26.50
0	10.00	Bee19	14.49	9.51
0	10.00	Bee20	26.54	45.69
0	10.00	Bee21	16.10	0.54
0	10.00	Bee22	17.61	21.68
0	10.00	Bee23	9.61	28.63
0	10.00	Bee24	24.68	8.39
0	10.00	Bee25	10.89	38.58
0	10.00	Bee26	42.40	47.39
0	10.00	Bee27	33.59	6.70
0	10.00	Bee28	38.45	5.09
0	10.00	Bee29	42.70	6.01
0	11.00	Bee00	2.18	9.54
0	11.00	Bee01	21.29	20.15
0	11.00	Bee02	19.26	41.66
0	11.00	Bee03	49.44	19.96
0	11.00	Bee04	0.69	23.98
0	11.00	Bee05	12.08	4.69
0	11.00	Bee06	23.48	47.89
0	11.00	Bee07	49.24	41.37
0	11.00	Bee08	0.73	10.08
0	11.00	Bee09	18.74	10.34
0	11.00	Bee10	48.34	19.16
0	11.00	Bee11	2.75	48.12
0	11.00	Bee12	16.39	36.40
0	11.00	Bee13	7.42	21.25
0	11.00	Bee14	10.85	0.89
0	11.00	Bee15	1.21	23.09
0	11.00	Bee16	0.71	1.11
0	11.00	Bee17	29.76	3.96
0	11.00	Bee18	15.00	26.50
0	11.00	Bee19	15.70	8.30
0	11.00	Bee20	25.07	46.57
0	11.00	Bee21	16.10	0.54
0	11.00	Bee22	18.14	20.05
0	11.00	Bee23	8.75	30.12
0	11.00	Bee24	23.05	7.86
0	11.00	Bee25	12.04	37.31
0	11.00	Bee26	43.92	48.19
0	11.00	Bee27	32.56	5.33
0	11.00	Bee28	39.94	5.95
0	11.00	Bee29	41.47	4.81
0	12.00	Bee00	1.88	11.92
0	12.00	Bee01	19.04	19.33
0	12.00	Bee02	20.35	43.79
0	12.00	Bee03	49.44	19.96
0	12.00	Bee04	0.84	24.77
0	12.00	Bee05	10.91	2.60
0	12.00	Bee06	24.89	49.16
0	12.00	Bee07	49.58	41.70
0	12.00	Bee08	1.39	10.52
0	12.00	Bee09	17.65	8.21
0	12.00	Bee10	49.07	18.83
0	12.00	Bee11	2.03	49.36
0	12.00	Bee12	14.04	35.94
0	12.00	Bee13	9.44	22.52
0	12.00	Bee14	10.85	0.89
0	12.00	Bee15	0.75	22.91
0	12.00	Bee16	0.61	0.63
0	12.00	Bee17	28.89	1.73
0	12.00	Bee18	12.60	26.50
0	12.00	Bee19	17.40	6.60
0	12.00	Bee20	24.38	46.99
0	12.00	Bee21	16.11	1.50
0	12.00	Bee22	18.88	17.77
0	12.00	Bee23	7.55	32.20
0	12.00	Bee24	20.77	7.12
0	12.00	Bee25	13.65	35.53
0	12.00	Bee26	45.60	49.07
0	12.00	Bee27	31.12	3.41
0	12.00	Bee28	42.02	7.15
0	12.00	Bee29	39.75	3.14
0	13.00	Bee00	1.63	13.95
0	13.00	Bee01	19.04	19.33
0	13.00	Bee02	21.28	45.62
0	13.00	Bee03	48.15	21.09
0	13.00	Bee04	0.69	24.93
0	13.00	Bee05	10.62	2.07
0	13.00	Bee06	24.89	49.16
0	13.00	Bee07	49.58	41.70
0	13.00	Bee08	1.76	10.29
0	13.00	Bee09	17.65	8.21
0	13.00	Bee10	49.26	18.94
0	13.00	Bee11	2.03	49.36
0	13.00	Bee12	14.04	35.94
0	13.00	Bee13	11.18	23.61
0	13.00	Bee14	10.80	0.63
0	13.00	Bee15	0.75	22.91
0	13.00	Bee16	0.61	0.63
0	13.00	Bee17	28.52	0.75
0	13.00	Bee18	10.55	26.50
0	13.00	Bee19	18.85	5.15
0	13.00	Bee20	24.23	47.98
0	13.00	Bee21	16.12	3.55
0	13.00	Bee22	19.52	15.82
0	13.00	Bee23	6.53	33.97
0	13.00	Bee24	18.82	6.48
0	13.00	Bee25	13.65	35.53
0	13.00	Bee26	45.60	49.07
0	13.00	Bee27	29.89	1.78
0	13.00	Bee28	43.79	8.17
0	13.00	Bee29	38.28	1.72
0	14.00	Bee00	1.42	15.59
0	14.00	Bee01	19.04	19.33
0	14.00	Bee02	22.03	47.10
0	14.00	Bee03	46.91	22.18
0	14.00	Bee04	0.69	24.93
0	14.00	Bee05	10.62	2.07
0	14.00	Bee06	25.21	48.77
0	14.00	Bee07	49.28	42.14
0	14.00	Bee08	3.17	9.43
0	14.00	Bee09	17.65	8.21
0	14.00	Bee10	49.26	18.94
0	14.00	Bee11	2.03	49.36
0	14.00	Bee12	13.80	36.38
0	14.00	Bee13	12.58	24.50
0	14.00	Bee14	10.80	0.63
0	14.00	Bee15	0.85	22.42
0	14.00	Bee16	0.61	0.63
0	14.00	Bee17	28.52	0.75
0	14.00	Bee18	8.90	26.50
0	14.00	Bee19	20.02	3.98
0	14.00	Bee20	24.23	47.98
0	14.00	Bee21	16.13	5.21
0	14.00	Bee22	20.03	14.25
0	14.00	Bee23	5.70	35.41
0	14.00	Bee24	18.82	6.48
0	14.00	Bee25	13.36	34.55
0	14.00	Bee26	45.35	49.50
0	14.00	Bee27	29.51	1.28
0	14.00	Bee28	45.23	9.00
0	14.00	Bee29	37.45	0.91
0	15.00	Bee00	1.16	17.63
0	15.00	Bee01	19.04	19.33
0	15.00	Bee02	22.96	48.93
0	15.00	Bee03	45.36	23.54
0	15.00	Bee04	1.51	25.52
0	15.00	Bee05	10.99	1.68
0	15.00	Bee06	25.21	48.77
0	15.00	Bee07	49.28	42.14
0	15.00	Bee08	4.92	8.35
0	15.00	Bee09	18.53	7.64
0	15.00	Bee10	49.45	18.48
0	15.00	Bee11	2.52	49.49
0	15.00	Bee12	12.79	38.17
0	15.00	Bee13	14.32	25.59
0	15.00	Bee14	11.25	0.43
0	15.00	Bee15	0.85	22.42
0	15.00	Bee16	1.14	0.54
0	15.00	Bee17	28.95	0.49
0	15.00	Bee18	6.84	26.50
0	15.00	Bee19	21.47	2.53
0	15.00	Bee20	24.57	48.34
0	15.00	Bee21	16.15	7.26
0	15.00	Bee22	20.66	12.29
0	15.00	Bee23	4.67	37.18
0	15.00	Bee24	18.48	5.54
0	15.00	Bee25	12.79	32.57
0	15.00	Bee26	45.35	49.50
0	15.00	Bee27	29.63	0.79
0	15.00	Bee28	47.00	10.03
0	15.00	Bee29	37.45	0.91
0	16.00	Bee00	0.97	19.18
0	16.00	Bee01	19.04	19.33
0	16.00	Bee02	23.14	49.27
0	16.00	Bee03	43.65	25.04
0	16.00	Bee04	3.35	26.85
0	16.00	Bee05	10.99	1.68
0	16.00	Bee06	25.51	48.98
0	16.00	Bee07	49.48	42.47
0	16.00	Bee08	6.86	7.16
0	16.00	Bee09	18.53	7.64
0	16.00	Bee10	49.28	18.17
0	16.00	Bee11	2.52	49.49
0	16.00	Bee12	11.67	40.15
0	16.00	Bee13	16.24	26.80
0	16.00	Bee14	11.25	0.43
0	16.00	Bee15	0.51	22.29
0	16.00	Bee16	1.41	1.20
0	16.00	Bee17	29.29	0.63
0	16.00	Bee18	4.57	26.50
0	16.00	Bee19	23.08	0.92
0	16.00	Bee20	24.57	48.34
0	16.00	Bee21	16.17	9.54
0	16.00	Bee22	21.37	10.13
0	16.00	Bee23	3.53	39.15
0	16.00	Bee24	17.69	3.40
0	16.00	Bee25	12.16	30.39
0	16.00	Bee26	44.93	49.49
0	16.00	Bee27	29.63	0.79
0	16.00	Bee28	48.97	11.17
0	16.00	Bee29	37.57	0.54
0	17.00	Bee00	0.59	19.35
0	17.00	Bee01	19.04	19.33
0	17.00	Bee02	23.49	49.22
0	17.00	Bee03	42.12	26.39
0	17.00	Bee04	3.66	27.07
0	17.00	Bee05	10.75	1.39
0	17.00	Bee06	25.82	49.20
0	17.00	Bee07	49.48	42.47
0	17.00	Bee08	8.60	6.09
0	17.00	Bee09	17.88	6.72
0	17.00	Bee10	49.28	18.17
0	17.00	Bee11	2.52	49.49
0	17.00	Bee12	10.67	41.93
0	17.00	Bee13	17.98	27.89
0	17.00	Bee14	11.25	0.43
0	17.00	Bee15	0.51	22.29
0	17.00	Bee16	2.19	3.09
0	17.00	Bee17	29.29	0.63
0	17.00	Bee18	4.19	26.50
0	17.00	Bee19	23.08	0.92
0	17.00	Bee20	24.31	48.60
0	17.00	Bee21	16.18	11.58
0	17.00	Bee22	22.00	8.19
0	17.00	Bee23	2.51	40.93
0	17.00	Bee24	16.99	1.48
0	17.00	Bee25	11.59	28.42
0	17.00	Bee26	44.93	49.49
0	17.00	Bee27	29.21	0.45
0	17.00	Bee28	49.30	11.35
0	17.00	Bee29	37.57	0.54
0	18.00	Bee00	0.59	19.35
0	18.00	Bee01	19.04	19.33
0	18.00	Bee02	23.49	49.22
0	18.00	Bee03	40.98	27.38
0	18.00	Bee04	3.64	27.45
0	18.00	Bee05	10.87	1.02
0	18.00	Bee06	25.82	49.20
0	18.00	Bee07	49.48	42.47
0	18.00	Bee08	9.89	5.30
0	18.00	Bee09	17.00	5.48
0	18.00	Bee10	49.28	18.17
0	18.00	Bee11	2.52	49.49
0	18.00	Bee12	9.93	43.25
0	18.00	Bee13	19.25	28.70
0	18.00	Bee14	11.25	0.43
0	18.00	Bee15	0.63	21.96
0	18.00	Bee16	2.77	4.49
0	18.00	Bee17	29.05	1.75
0	18.00	Bee18	3.98	26.82
0	18.00	Bee19	23.45	0.96
0	18.00	Bee20	24.31	48.60
0	18.00	Bee21	16.19	13.09
0	18.00	Bee22	22.47	6.75
0	18.00	Bee23	1.76	42.23
0	18.00	Bee24	16.72	0.74
0	18.00	Bee25	11.16	26.97
0	18.00	Bee26	44.93	49.49
0	18.00	Bee27	29.21	0.45
0	18.00	Bee28	49.30	11.35
0	18.00	Bee29	37.16	0.46
0	19.00	Bee00	0.59	19.35
0	19.00	Bee01	19.04	19.33
0	19.00	Bee02	23.41	48.90
0	19.00	Bee03	39.19	28.95
0	19.00	Bee04	3.54	29.82
0	19.00	Bee05	10.87	1.02
0	19.00	Bee06	27.51	47.54
0	19.00	Bee07	49.48	42.47
0	19.00	Bee08	11.91	4.06
0	19.00	Bee09	15.63	3.55
0	19.00	Bee10	47.39	19.61
0	19.00	Bee11	2.52	49.49
0	19.00	Bee12	8.76	45.32
0	19.00	Bee13	21.26	29.96
0	19.00	Bee14	11.25	0.43
0	19.00	Bee15	0.63	21.96
0	19.00	Bee16	3.68	6.68
0	19.00	Bee17	28.56	4.07
0	19.00	Bee18	3.98	26.82
0	19.00	Bee19	23.45	0.96
0	19.00	Bee20	24.03	48.42
0	19.00	Bee21	16.21	15.47
0	19.00	Bee22	23.20	4.49
0	19.00	Bee23	0.80	43.89
0	19.00	Bee24	16.72	0.74
0	19.00	Bee25	10.50	24.69
0	19.00	Bee26	44.93	49.49
0	19.00	Bee27	29.21	0.45
0	19.00	Bee28	49.48	11.01
0	19.00	Bee29	36.90	0.84
0	20.00	Bee00	0.40	19.00
0	20.00	Bee01	19.04	19.33
0	20.00	Bee02	23.41	48.90
0	20.00	Bee03	37.83	30.15
0	20.00	Bee04	3.47	31.64
0	20.00	Bee05	10.62	0.80
0	20.00	Bee06	28.81	46.27
0	20.00	Bee07	49.56	42.10
0	20.00	Bee08	13.46	3.11
0	20.00	Bee09	14.58	2.06
0	20.00	Bee10	45.94	20.71
0	20.00	Bee11	2.19	49.54
0	20.00	Bee12	7.87	46.90
0	20.00	Bee13	22.80	30.93
0	20.00	Bee14	11.25	0.43
0	20.00	Bee15	2.04	22.17
0	20.00	Bee16	4.37	8.36
0	20.00	Bee17	28.18	5.85
0	20.00	Bee18	4.51	28.14
0	20.00	Bee19	23.11	2.35
0	20.00	Bee20	24.03	48.42
0	20.00	Bee21	16.22	17.29
0	20.00	Bee22	23.76	2.76
0	20.00	Bee23	0.80	43.89
0	20.00	Bee24	17.05	0.53
0	20.00	Bee25	10.00	22.95
0	20.00	Bee26	44.93	49.49
0	20.00	Bee27	29.21	0.45
0	20.00	Bee28	49.48	11.01
0	20.00	Bee29	35.87	2.33
0	21.00	Bee00	0.40	19.00
0	21.00	Bee01	19.04	19.33
0	21.00	Bee02	24.54	47.72
0	21.00	Bee03	36.23	31.54
0	21.00	Bee04	3.39	33.76
0	21.00	Bee05	10.62	0.80
0	21.00	Bee06	30.33	44.79
0	21.00	Bee07	49.56	42.10
0	21.00	Bee08	13.88	2.86
0	21.00	Bee09	13.82	0.99
0	21.00	Bee10	44.25	22.00
0	21.00	Bee11	2.19	49.54
0	21.00	Bee12	6.83	48.75
0	21.00	Bee13	24.60	32.06
0	21.00	Bee14	10.77	0.45
0	21.00	Bee15	4.14	22.48
0	21.00	Bee16	5.18	10.32
0	21.00	Bee17	27.74	7.92
0	21.00	Bee18	5.30	30.11
0	21.00	Bee19	23.11	2.35
0	21.00	Bee20	22.55	49.10
0	21.00	Bee21	16.24	19.41
0	21.00	Bee22	23.76	2.76
0	21.00	Bee23	1.70	44.64
0	21.00	Bee24	17.05	0.53
0	21.00	Bee25	9.40	20.91
0	21.00	Bee26	45.39	49.57
0	21.00	Bee27	29.21	0.45
0	21.00	Bee28	49.48	11.01
0	21.00	Bee29	34.66	4.08
0	22.00	Bee00	0.87	18.85
0	22.00	Bee01	19.04	19.33
0	22.00	Bee02	25.95	46.25
0	22.00	Bee03	34.70	32.89
0	22.00	Bee04	3.30	35.80
0	22.00	Bee05	8.83	1.77
0	22.00	Bee06	31.79	43.36
0	22.00	Bee07	48.02	41.80
0	22.00	Bee08	13.88	2.86
0	22.00	Bee09	13.82	0.99
0	22.00	Bee10	42.63	23.23
0	22.00	Bee11	2.19	49.54
0	22.00	Bee12	6.60	49.16
0	22.00	Bee13	26.32	33.14
0	22.00	Bee14	10.77	0.45
0	22.00	Bee15	6.16	22.77
0	22.00	Bee16	5.96	12.21
0	22.00	Bee17	27.31	9.92
0	22.00	Bee18	6.06	32.00
0	22.00	Bee19	23.56	2.55
0	22.00	Bee20	22.55	49.10
0	22.00	Bee21	16.25	21.45
0	22.00	Bee22	23.76	2.76
0	22.00	Bee23	3.28	45.94
0	22.00	Bee24	18.19	2.22
0	22.00	Bee25	8.83	18.95
0	22.00	Bee26	45.39	49.57
0	22.00	Bee27	29.72	0.48
0	22.00	Bee28	49.48	11.01
0	22.00	Bee29	33.50	5.75
0	23.00	Bee00	2.90	18.19
0	23.00	Bee01	19.04	19.33
0	23.00	Bee02	27.42	44.71
0	23.00	Bee03	33.10	34.29
0	23.00	Bee04	3.22	37.92
0	23.00	Bee05	6.96	2.79
0	23.00	Bee06	33.31	41.88
0	23.00	Bee07	45.94	41.39
0	23.00	Bee08	13.49	1.88
0	23.00	Bee09	14.25	0.61
0	23.00	Bee10	40.94	24.52
0	23.00	Bee11	2.19	49.54
0	23.00	Bee12	6.60	49.16
0	23.00	Bee13	28.12	34.28
0	23.00	Bee14	10.77	0.45
0	23.00	Bee15	8.26	23.08
0	23.00	Bee16	6.78	14.17
0	23.00	Bee17	26.87	12.00
0	23.00	Bee18	6.86	33.98
0	23.00	Bee19	25.50	3.42
0	23.00	Bee20	20.64	48.16
0	23.00	Bee21	16.27	23.57
0	23.00	Bee22	21.72	2.17
0	23.00	Bee23	4.92	47.30
0	23.00	Bee24	19.38	3.99
0	23.00	Bee25	8.24	16.91
0	23.00	Bee26	45.46	49.06
0	23.00	Bee27	29.72	0.48
0	23.00	Bee28	49.59	11.48
0	23.00	Bee29	32.29	7.50
0	24.00	Bee00	3.87	17.88
0	24.00	Bee01	19.04	19.33
0	24.00	Bee02	28.13	43.97
0	24.00	Bee03	32.33	34.97
0	24.00	Bee04	3.18	38.95
0	24.00	Bee05	6.06	3.28
0	24.00	Bee06	34.05	41.16
0	24.00	Bee07	44.93	41.19
0	24.00	Bee08	13.49	1.88
0	24.00	Bee09	14.25	0.61
0	24.00	Bee10	40.12	25.14
0	24.00	Bee11	2.19	49.54
0	24.00	Bee12	5.72	48.63
0	24.00	Bee13	28.99	34.82
0	24.00	Bee14	10.77	0.45
0	24.00	Bee15	9.28	23.23
0	24.00	Bee16	7.17	15.12
0	24.00	Bee17	26.65	13.00
0	24.00	Bee18	7.24	34.93
0	24.00	Bee19	26.43	3.85
0	24.00	Bee20	19.72	47.71
0	24.00	Bee21	16.28	24.60
0	24.00	Bee22	20.73	1.88
0	24.00	Bee23	5.71	47.95
0	24.00	Bee24	19.95	4.84
0	24.00	Bee25	7.95	15.92
0	24.00	Bee26	45.60	48.04
0	24.00	Bee27	29.67	1.01
0	24.00	Bee28	49.59	11.48
0	24.00	Bee29	31.70	8.35
0	25.00	Bee00	6.49	17.03
0	25.00	Bee01	19.04	19.33
0	25.00	Bee02	30.03	41.98
0	25.00	Bee03	30.26	36.78
0	25.00	Bee04	3.07	41.69
0	25.00	Bee05	3.64	4.59
0	25.00	Bee06	36.01	39.24
0	25.00	Bee07	42.24	40.66
0	25.00	Bee08	12.16	2.01
0	25.00	Bee09	14.25	0.61
0	25.00	Bee10	37.93	26.80
0	25.00	Bee11	2.19	49.54
0	25.00	Bee12	5.72	48.63
0	25.00	Bee13	31.32	36.29
0	25.00	Bee14	10.77	0.45
0	25.00	Bee15	12.00	23.62
0	25.00	Bee16	8.22	17.66
0	25.00	Bee17	26.08	15.69
0	25.00	Bee18	8.26	37.48
0	25.00	Bee19	28.94	4.97
0	25.00	Bee20	17.25	46.50
0	25.00	Bee21	16.30	27.35
0	25.00	Bee22	18.10	1.11
0	25.00	Bee23	5.71	47.95
0	25.00	Bee24	21.48	7.12
0	25.00	Bee25	7.19	13.29
0	25.00	Bee26	45.97	45.32
0	25.00	Bee27	29.43	3.74
0	25.00	Bee28	49.59	11.48
0	25.00	Bee29	30.14	10.60
0	26.00	Bee00	8.48	16.39
0	26.00	Bee01	19.04	19.33
0	26.00	Bee02	31.47	40.47
0	26.00	Bee03	28.69	38.16
0	26.00	Bee04	2.98	43.78
0	26.00	Bee05	1.81	5.59
0	26.00	Bee06	37.50	37.78
0	26.00	Bee07	40.18	40.26
0	26.00	Bee08	10.08	2.21
0	26.00	Bee09	13.87	0.40
0	26.00	Bee10	36.27	28.07
0	26.00	Bee11	2.61	49.53
0	26.00	Bee12	5.72	48.63
0	26.00	Bee13	33.09	37.40
0	26.00	Bee14	11.15	0.47
0	26.00	Bee15	14.06	23.92
0	26.00	Bee16	9.02	19.59
0	26.00	Bee17	25.65	17.73
0	26.00	Bee18	9.04	39.42
0	26.00	Bee19	30.84	5.83
0	26.00	Bee20	15.38	45.58
0	26.00	Bee21	16.31	29.44
0	26.00	Bee22	17.67	0.99
0	26.00	Bee23	6.02	47.72
0	26.00	Bee24	22.65	8.85
0	26.00	Bee25	6.60	11.28
0	26.00	Bee26	46.25	43.25
0	26.00	Bee27	29.43	3.74
0	26.00	Bee28	49.59	11.48
0	26.00	Bee29	28.94	12.32
0	27.00	Bee00	10.20	15.83
0	27.00	Bee01	19.04	19.33
0	27.00	Bee02	32.73	39.16
0	27.00	Bee03	27.33	39.35
0	27.00	Bee04	2.91	45.59
0	27.00	Bee05	0.60	6.24
0	27.00	Bee06	38.80	36.51
0	27.00	Bee07	38.40	39.91
0	27.00	Bee08	8.27	2.39
0	27.00	Bee09	13.87	0.40
0	27.00	Bee10	34.83	29.17
0	27.00	Bee11	2.61	49.53
0	27.00	Bee12	5.51	49.07
0	27.00	Bee13	34.62	38.37
0	27.00	Bee14	11.15	0.47
0	27.00	Bee15	15.86	24.19
0	27.00	Bee16	9.71	21.27
0	27.00	Bee17	25.27	19.51
0	27.00	Bee18	9.72	41.10
0	27.00	Bee19	32.50	6.58
0	27.00	Bee20	13.75	44.78
0	27.00	Bee21	16.33	31.25
0	27.00	Bee22	17.48	0.53
0	27.00	Bee23	7.48	46.64
0	27.00	Bee24	23.67	10.36
0	27.00	Bee25	6.10	9.54
0	27.00	Bee26	46.49	41.45
0	27.00	Bee27	28.99	3.82
0	27.00	Bee28	49.59	11.48
0	27.00	Bee29	27.91	13.81
0	28.00	Bee00	12.21	15.18
0	28.00	Bee01	19.04	19.33
0	28.00	Bee02	34.19	37.64
0	28.00	Bee03	25.74	40.75
0	28.00	Bee04	2.82	47.71
0	28.00	Bee05	0.60	6.24
0	28.00	Bee06	40.31	35.03
0	28.00	Bee07	36.76	39.58
0	28.00	Bee08	6.17	2.60
0	28.00	Bee09	13.19	1.47
0	28.00	Bee10	33.14	30.45
0	28.00	Bee11	3.78	47.76
0	28.00	Bee12	5.51	49.07
0	28.00	Bee13	36.04	39.26
0	28.00	Bee14	11.15	0.47
0	28.00	Bee15	17.95	24.49
0	28.00	Bee16	10.52	23.22
0	28.00	Bee17	24.83	21.58
0	28.00	Bee18	10.51	43.07
0	28.00	Bee19	34.43	7.44
0	28.00	Bee20	11.85	43.85
0	28.00	Bee21	16.34	33.37
0	28.00	Bee22	17.48	0.53
0	28.00	Bee23	9.18	45.39
0	28.00	Bee24	24.85	12.11
0	28.00	Bee25	5.51	7.51
0	28.00	Bee26	46.78	39.36
0	28.00	Bee27	26.91	4.18
0	28.00	Bee28	49.60	11.04
0	28.00	Bee29	26.71	15.55
0	29.00	Bee00	14.01	14.60
0	29.00	Bee01	19.04	19.33
0	29.00	Bee02	35.50	36.27
0	29.00	Bee03	24.32	42.00
0	29.00	Bee04	2.82	47.71
0	29.00	Bee05	0.60	6.24
0	29.00	Bee06	41.67	33.71
0	29.00	Bee07	36.76	39.58
0	29.00	Bee08	4.28	2.79
0	29.00	Bee09	12.17	3.07
0	29.00	Bee10	31.64	31.59
0	29.00	Bee11	3.78	47.76
0	29.00	Bee12	4.60	48.69
0	29.00	Bee13	36.04	39.26
0	29.00	Bee14	11.15	0.47
0	29.00	Bee15	19.82	24.76
0	29.00	Bee16	11.24	24.97
0	29.00	Bee17	24.43	23.43
0	29.00	Bee18	10.68	43.49
0	29.00	Bee19	36.15	8.22
0	29.00	Bee20	11.44	43.65
0	29.00	Bee21	16.36	35.26
0	29.00	Bee22	16.69	1.02
0	29.00	Bee23	10.34	44.53
0	29.00	Bee24	25.90	13.68
0	29.00	Bee25	4.98	5.69
0	29.00	Bee26	47.03	37.48
0	29.00	Bee27	25.04	4.50
0	29.00	Bee28	49.60	11.04
0	29.00	Bee29	25.63	17.10
0	30.00	Bee00	15.91	13.99
0	30.00	Bee01	19.04	19.33
0	30.00	Bee02	36.88	34.83
0	30.00	Bee03	22.82	43.31
0	30.00	Bee04	2.82	47.71
0	30.00	Bee05	0.46	5.85
0	30.00	Bee06	43.09	32.32
0	30.00	Bee07	36.81	39.18
0	30.00	Bee08	2.30	2.98
0	30.00	Bee09	11.10	4.74
0	30.00	Bee10	30.05	32.80
0	30.00	Bee11	3.78	47.76
0	30.00	Bee12	4.60	48.69
0	30.00	Bee13	36.05	39.67
0	30.00	Bee14	11.15	0.47
0	30.00	Bee15	21.79	25.05
0	30.00	Bee16	12.00	26.81
0	30.00	Bee17	24.02	25.37
0	30.00	Bee18	10.68	43.49
0	30.00	Bee19	37.97	9.04
0	30.00	Bee20	11.38	43.30
0	30.00	Bee21	16.37	37.25
0	30.00	Bee22	15.00	2.08
0	30.00	Bee23	10.34	44.53
0	30.00	Bee24	27.01	15.33
0	30.00	Bee25	4.43	3.78
0	30.00	Bee26	47.30	35.51
0	30.00	Bee27	23.08	4.83
0	30.00	Bee28	49.60	11.04
0	30.00	Bee29	24.49	18.74
0	31.00	Bee00	17.90	13.35
0	31.00	Bee01	19.04	19.33
0	31.00	Bee02	38.33	33.32
0	31.00	Bee03	21.24	44.69
0	31.00	Bee04	3.21	47.68
0	31.00	Bee05	0.46	5.85
0	31.00	Bee06	44.59	30.85
0	31.00	Bee07	37.11	37.11
0	31.00	Bee08	0.62	3.15
0	31.00	Bee09	9.97	6.51
0	31.00	Bee10	28.39	34.07
0	31.00	Bee11	3.43	47.58
0	31.00	Bee12	4.45	49.07
0	31.00	Bee13	36.05	39.67
0	31.00	Bee14	11.15	0.47
0	31.00	Bee15	23.07	25.24
0	31.00	Bee16	12.80	28.75
0	31.00	Bee17	23.58	27.42
0	31.00	Bee18	12.31	43.05
0	31.00	Bee19	39.88	9.90
0	31.00	Bee20	11.38	43.30
0	31.00	Bee21	16.39	39.34
0	31.00	Bee22	13.22	3.20
0	31.00	Bee23	11.89	45.20
0	31.00	Bee24	28.19	17.07
0	31.00	Bee25	3.84	1.77
0	31.00	Bee26	47.58	33.43
0	31.00	Bee27	21.02	5.18
0	31.00	Bee28	49.60	11.04
0	31.00	Bee29	23.30	20.46
0	32.00	Bee00	19.92	12.70
0	32.00	Bee01	19.04	19.33
0	32.00	Bee02	39.79	31.79
0	32.00	Bee03	19.65	46.09
0	32.00	Bee04	3.21	47.68
0	32.00	Bee05	0.46	5.85
0	32.00	Bee06	46.10	29.38
0	32.00	Bee07	37.41	35.01
0	32.00	Bee08	0.62	3.15
0	32.00	Bee09	8.82	8.29
0	32.00	Bee10	26.70	35.35
0	32.00	Bee11	3.43	47.58
0	32.00	Bee12	4.45	49.07
0	32.00	Bee13	34.71	39.67
0	32.00	Bee14	10.82	0.45
0	32.00	Bee15	23.07	25.24
0	32.00	Bee16	13.61	30.70
0	32.00	Bee17	23.14	29.49
0	32.00	Bee18	14.35	42.50
0	32.00	Bee19	41.81	10.77
0	32.00	Bee20	12.32	42.97
0	32.00	Bee21	16.40	41.46
0	32.00	Bee22	11.43	4.32
0	32.00	Bee23	13.83	46.04
0	32.00	Bee24	29.37	18.82
0	32.00	Bee25	3.53	0.69
0	32.00	Bee26	47.87	31.34
0	32.00	Bee27	18.93	5.54
0	32.00	Bee28	49.60	11.04
0	32.00	Bee29	22.09	22.20
0	33.00	Bee00	21.89	12.06
0	33.00	Bee01	19.04	19.33
0	33.00	Bee02	41.22	30.29
0	33.00	Bee03	18.09	47.45
0	33.00	Bee04	3.38	48.55
0	33.00	Bee05	0.46	5.85
0	33.00	Bee06	47.59	27.93
0	33.00	Bee07	37.70	32.96
0	33.00	Bee08	0.70	3.57
0	33.00	Bee09	7.71	10.04
0	33.00	Bee10	25.05	36.60
0	33.00	Bee11	4.01	45.97
0	33.00	Bee12	4.11	49.18
0	33.00	Bee13	32.64	39.67
0	33.00	Bee14	10.82	0.45
0	33.00	Bee15	23.07	25.24
0	33.00	Bee16	14.40	32.62
0	33.00	Bee17	22.71	31.52
0	33.00	Bee18	15.13	42.29
0	33.00	Bee19	43.70	11.62
0	33.00	Bee20	13.89	42.41
0	33.00	Bee21	16.42	43.54
0	33.00	Bee22	9.67	5.42
0	33.00	Bee23	15.74	46.87
0	33.00	Bee24	30.53	20.55
0	33.00	Bee25	3.53	0.69
0	33.00	Bee26	48.15	29.28
0	33.00	Bee27	16.88	5.89
0	33.00	Bee28	49.60	11.04
0	33.00	Bee29	20.91	23.91
0	34.00	Bee00	23.79	11.44
0	34.00	Bee01	19.04	19.33
0	34.00	Bee02	42.60	28.85
0	34.00	Bee03	17.24	48.20
0	34.00	Bee04	3.38	48.55
0	34.00	Bee05	0.46	5.85
0	34.00	Bee06	49.01	26.53
0	34.00	Bee07	37.98	30.98
0	34.00	Bee08	0.70	3.57
0	34.00	Bee09	6.63	11.72
0	34.00	Bee10	23.46	37.81
0	34.00	Bee11	4.69	44.10
0	34.00	Bee12	3.96	48.84
0	34.00	Bee13	30.64	39.67
0	34.00	Bee14	10.82	0.45
0	34.00	Bee15	23.07	25.24
0	34.00	Bee16	15.16	34.46
0	34.00	Bee17	22.29	33.47
0	34.00	Bee18	15.21	41.93
0	34.00	Bee19	45.52	12.44
0	34.00	Bee20	13.89	42.41
0	34.00	Bee21	16.43	45.53
0	34.00	Bee22	7.98	6.48
0	34.00	Bee23	16.78	47.32
0	34.00	Bee24	31.64	22.20
0	34.00	Bee25	3.21	0.83
0	34.00	Bee26	48.15	29.28
0	34.00	Bee27	14.92	6.23
0	34.00	Bee28	49.60	11.41
0	34.00	Bee29	19.78	25.55
0	35.00	Bee00	25.63	10.85
0	35.00	Bee01	19.04	19.33
0	35.00	Bee02	43.94	27.45
0	35.00	Bee03	17.24	48.20
0	35.00	Bee04	2.46	49.06
0	35.00	Bee05	0.50	6.31
0	35.00	Bee06	49.01	26.53
0	35.00	Bee07	38.25	29.07
0	35.00	Bee08	0.70	3.57
0	35.00	Bee09	5.59	13.35
0	35.00	Bee10	21.92	38.98
0	35.00	Bee11	5.35	42.28
0	35.00	Bee12	3.96	48.84
0	35.00	Bee13	28.71	39.66
0	35.00	Bee14	10.82	0.45
0	35.00	Bee15	23.07	25.24
0	35.00	Bee16	15.90	36.25
0	35.00	Bee17	21.89	35.36
0	35.00	Bee18	15.66	40.05
0	35.00	Bee19	47.28	13.23
0	35.00	Bee20	13.89	42.41
0	35.00	Bee21	16.44	46.61
0	35.00	Bee22	6.34	7.51
0	35.00	Bee23	16.78	47.32
0	35.00	Bee24	32.72	23.80
0	35.00	Bee25	3.21	0.83
0	35.00	Bee26	47.77	29.15
0	35.00	Bee27	13.01	6.55
0	35.00	Bee28	49.60	11.41
0	35.00	Bee29	18.67	27.14
0	36.00	Bee00	27.34	10.30
0	36.00	Bee01	19.04	19.33
0	36.00	Bee02	45.18	26.16
0	36.00	Bee03	17.70	48.97
0	36.00	Bee04	2.46	49.06
0	36.00	Bee05	0.50	6.31
0	36.00	Bee06	48.73	25.11
0	36.00	Bee07	38.50	27.29
0	36.00	Bee08	0.70	3.57
0	36.00	Bee09	4.62	14.86
0	36.00	Bee10	20.49	40.07
0	36.00	Bee11	5.96	40.59
0	36.00	Bee12	3.96	48.84
0	36.00	Bee13	26.91	39.66
0	36.00	Bee14	10.82	0.45
0	36.00	Bee15	23.07	25.24
0	36.00	Bee16	16.59	37.91
0	36.00	Bee17	21.52	37.12
0	36.00	Bee18	16.08	38.31
0	36.00	Bee19	48.92	13.97
0	36.00	Bee20	13.05	40.82
0	36.00	Bee21	16.44	46.61
0	36.00	Bee22	4.82	8.46
0	36.00	Bee23	16.59	47.74
0	36.00	Bee24	33.72	25.30
0	36.00	Bee25	3.59	1.64
0	36.00	Bee26	46.09	28.53
0	36.00	Bee27	11.24	6.86
0	36.00	Bee28	49.60	11.41
0	36.00	Bee29	17.65	28.61
0	37.00	Bee00	29.45	9.62
0	37.00	Bee01	19.04	19.33
0	37.00	Bee02	46.72	24.55
0	37.00	Bee03	18.06	49.56
0	37.00	Bee04	1.34	48.02
0	37.00	Bee05	0.50	6.31
0	37.00	Bee06	48.29	22.94
0	37.00	Bee07	38.81	25.09
0	37.00	Bee08	0.70	3.57
0	37.00	Bee09	3.42	16.73
0	37.00	Bee10	18.72	41.41
0	37.00	Bee11	6.71	38.50
0	37.00	Bee12	5.85	47.67
0	37.00	Bee13	24.69	39.66
0	37.00	Bee14	10.82	0.45
0	37.00	Bee15	23.07	25.24
0	37.00	Bee16	16.59	37.91
0	37.00	Bee17	21.05	39.29
0	37.00	Bee18	16.08	38.31
0	37.00	Bee19	49.55	14.25
0	37.00	Bee20	12.02	38.85
0	37.00	Bee21	14.99	47.10
0	37.00	Bee22	2.94	9.64
0	37.00	Bee23	16.59	47.74
0	37.00	Bee24	34.96	27.14
0	37.00	Bee25	4.53	3.65
0	37.00	Bee26	44.00	27.78
0	37.00	Bee27	9.05	7.23
0	37.00	Bee28	49.60	11.41
0	37.00	Bee29	16.38	30.44
0	38.00	Bee00	31.12	9.08
0	38.00	Bee01	19.04	19.33
0	38.00	Bee02	47.93	23.29
0	38.00	Bee03	18.06	49.56
0	38.00	Bee04	0.86	47.57
0	38.00	Bee05	0.50	6.31
0	38.00	Bee06	47.94	21.22
0	38.00	Bee07	39.06	23.36
0	38.00	Bee08	0.70	3.57
0	38.00	Bee09	2.48	18.20
0	38.00	Bee10	17.33	42.47
0	38.00	Bee11	7.31	36.85
0	38.00	Bee12	7.34	46.75
0	38.00	Bee13	22.94	39.66
0	38.00	Bee14	11.40	0.43
0	38.00	Bee15	23.07	25.24
0	38.00	Bee16	17.65	38.15
0	38.00	Bee17	20.69	41.01
0	38.00	Bee18	15.36	37.49
0	38.00	Bee19	49.52	14.77
0	38.00	Bee20	11.21	37.30
0	38.00	Bee21	13.33	47.65
0	38.00	Bee22	1.46	10.57
0	38.00	Bee23	16.59	47.74
0	38.00	Bee24	35.94	28.59
0	38.00	Bee25	5.27	5.24
0	38.00	Bee26	42.35	27.18
0	38.00	Bee27	7.33	7.53
0	38.00	Bee28	49.60	11.41
0	38.00	Bee29	15.39	31.87
0	39.00	Bee00	33.01	8.47
0	39.00	Bee01	19.04	19.33
0	39.00	Bee02	49.30	21.85
0	39.00	Bee03	18.06	49.56
0	39.00	Bee04	0.86	47.57
0	39.00	Bee05	0.50	6.31
0	39.00	Bee06	47.54	19.28
0	39.00	Bee07	39.34	21.39
0	39.00	Bee08	0.46	3.15
0	39.00	Bee09	1.40	19.88
0	39.00	Bee10	15.75	43.68
0	39.00	Bee11	7.98	34.98
0	39.00	Bee12	9.04	45.71
0	39.00	Bee13	20.95	39.65
0	39.00	Bee14	11.40	0.43
0	39.00	Bee15	23.07	25.24
0	39.00	Bee16	19.59	38.59
0	39.00	Bee17	20.28	42.95
0	39.00	Bee18	14.05	35.99
0	39.00	Bee19	49.52	14.77
0	39.00	Bee20	10.28	35.55
0	39.00	Bee21	11.44	48.28
0	39.00	Bee22	0.59	11.12
0	39.00	Bee23	18.01	48.27
0	39.00	Bee24	37.05	30.24
0	39.00	Bee25	5.88	6.54
0	39.00	Bee26	40.48	26.50
0	39.00	Bee27	5.37	7.86
0	39.00	Bee28	49.60	11.41
0	39.00	Bee29	14.26	33.51
0	40.00	Bee00	35.07	7.80
0	40.00	Bee01	19.04	19.33
0	40.00	Bee02	49.30	21.85
0	40.00	Bee03	17.49	49.59
0	40.00	Bee04	0.50	47.96
0	40.00	Bee05	0.50	6.31
0	40.00	Bee06	47.11	17.15
0	40.00	Bee07	39.64	19.24
0	40.00	Bee08	0.46	3.15
0	40.00	Bee09	0.81	20.81
0	40.00	Bee10	14.03	44.99
0	40.00	Bee11	8.72	32.95
0	40.00	Bee12	10.88	44.58
0	40.00	Bee13	18.79	39.65
0	40.00	Bee14	11.84	2.00
0	40.00	Bee15	23.07	25.24
0	40.00	Bee16	20.12	38.71
0	40.00	Bee17	19.82	45.07
0	40.00	Bee18	12.97	34.76
0	40.00	Bee19	49.52	14.77
0	40.00	Bee20	9.52	34.10
0	40.00	Bee21	9.39	48.96
0	40.00	Bee22	0.59	11.12
0	40.00	Bee23	18.01	48.27
0	40.00	Bee24	38.26	32.03
0	40.00	Bee25	5.88	6.54
0	40.00	Bee26	38.45	25.76
0	40.00	Bee27	3.23	8.23
0	40.00	Bee28	49.56	10.89
0	40.00	Bee29	13.62	34.42
0	41.00	Bee00	37.01	7.18
0	41.00	Bee01	19.04	19.33
0	41.00	Bee02	49.30	21.85
0	41.00	Bee03	17.49	49.59
0	41.00	Bee04	0.50	47.96
0	41.00	Bee05	0.44	5.88
0	41.00	Bee06	46.71	15.16
0	41.00	Bee07	39.93	17.23
0	41.00	Bee08	0.46	3.15
0	41.00	Bee09	0.81	20.81
0	41.00	Bee10	12.41	46.22
0	41.00	Bee11	9.41	31.03
0	41.00	Bee12	12.61	43.51
0	41.00	Bee13	16.75	39.65
0	41.00	Bee14	12.39	3.95
0	41.00	Bee15	23.07	25.24
0	41.00	Bee16	20.22	39.18
0	41.00	Bee17	19.40	47.06
0	41.00	Bee18	12.97	34.76
0	41.00	Bee19	49.52	14.77
0	41.00	Bee20	9.52	34.10
0	41.00	Bee21	8.97	49.10
0	41.00	Bee22	1.42	12.48
0	41.00	Bee23	18.18	48.81
0	41.00	Bee24	39.40	33.72
0	41.00	Bee25	6.88	6.29
0	41.00	Bee26	36.54	25.07
0	41.00	Bee27	1.23	8.57
0	41.00	Bee28	49.56	10.89
0	41.00	Bee29	13.77	34.88
0	42.00	Bee00	39.08	6.51
0	42.00	Bee01	18.81	20.60
0	42.00	Bee02	49.55	22.24
0	42.00	Bee03	17.49	49.59
0	42.00	Bee04	0.65	48.40
0	42.00	Bee05	1.20	5.52
0	42.00	Bee06	46.27	13.02
0	42.00	Bee07	40.23	15.07
0	42.00	Bee08	0.46	3.15
0	42.00	Bee09	2.00	21.32
0	42.00	Bee10	10.67	47.54
0	42.00	Bee11	10.15	28.98
0	42.00	Bee12	14.47	42.37
0	42.00	Bee13	14.57	39.64
0	42.00	Bee14	12.98	6.05
0	42.00	Bee15	23.07	25.24
0	42.00	Bee16	20.67	41.32
0	42.00	Bee17	19.22	47.92
0	42.00	Bee18	12.70	35.05
0	42.00	Bee19	49.52	14.77
0	42.00	Bee20	9.89	33.95
0	42.00	Bee21	8.81	49.53
0	42.00	Bee22	2.55	14.34
0	42.00	Bee23	18.18	48.81
0	42.00	Bee24	40.62	35.53
0	42.00	Bee25	8.99	5.75
0	42.00	Bee26	34.49	24.33
0	42.00	Bee27	0.81	8.64
0	42.00	Bee28	48.73	11.06
0	42.00	Bee29	14.42	36.96
0	43.00	Bee00	40.54	6.04
0	43.00	Bee01	18.53	22.10
0	43.00	Bee02	49.55	22.24
0	43.00	Bee03	17.49	49.59
0	43.00	Bee04	0.65	48.40
0	43.00	Bee05	2.59	4.89
0	43.00	Bee06	45.97	11.52
0	43.00	Bee07	40.45	13.56
0	43.00	Bee08	0.46	3.15
0	43.00	Bee09	3.40	21.92
0	43.00	Bee10	9.45	48.47
0	43.00	Bee11	10.67	27.54
0	43.00	Bee12	15.77	41.56
0	43.00	Bee13	13.04	39.64
0	43.00	Bee14	13.39	7.53
0	43.00	Bee15	23.07	25.24
0	43.00	Bee16	20.99	42.81
0	43.00	Bee17	19.22	47.92
0	43.00	Bee18	11.66	36.17
0	43.00	Bee19	49.52	14.77
0	43.00	Bee20	11.30	33.37
0	43.00	Bee21	8.81	49.53
0	43.00	Bee22	3.35	15.65
0	43.00	Bee23	17.34	49.23
0	43.00	Bee24	41.47	36.80
0	43.00	Bee25	10.47	5.37
0	43.00	Bee26	33.05	23.81
0	43.00	Bee27	0.81	8.64
0	43.00	Bee28	47.24	11.38
0	43.00	Bee29	14.88	38.42
0	44.00	Bee00	42.68	5.34
0	44.00	Bee01	18.12	24.32
0	44.00	Bee02	48.17	24.02
0	44.00	Bee03	17.49	49.59
0	44.00	Bee04	2.24	47.99
0	44.00	Bee05	4.64	3.95
0	44.00	Bee06	45.52	9.32
0	44.00	Bee07	40.76	11.33
0	44.00	Bee08	0.54	3.59
0	44.00	Bee09	5.48	22.80
0	44.00	Bee10	8.97	48.83
0	44.00	Bee11	11.43	25.43
0	44.00	Bee12	17.69	40.38
0	44.00	Bee13	10.79	39.64
0	44.00	Bee14	14.00	9.69
0	44.00	Bee15	23.07	25.24
0	44.00	Bee16	21.45	45.02
0	44.00	Bee17	17.57	48.02
0	44.00	Bee18	10.11	37.81
0	44.00	Bee19	49.52	14.77
0	44.00	Bee20	13.39	32.52
0	44.00	Bee21	8.43	49.29
0	44.00	Bee22	4.52	17.58
0	44.00	Bee23	17.34	49.23
0	44.00	Bee24	42.73	38.67
0	44.00	Bee25	12.65	4.81
0	44.00	Bee26	30.93	23.04
0	44.00	Bee27	0.83	9.25
0	44.00	Bee28	46.64	11.50
0	44.00	Bee29	15.55	40.57
0	45.00	Bee00	44.62	4.72
0	45.00	Bee01	17.75	26.32
0	45.00	Bee02	46.92	25.63
0	45.00	Bee03	17.49	49.59
0	45.00	Bee04	4.22	47.49
0	45.00	Bee05	6.50	3.10
0	45.00	Bee06	45.12	7.32
0	45.00	Bee07	41.05	9.31
0	45.00	Bee08	0.54	3.59
0	45.00	Bee09	7.35	23.60
0	45.00	Bee10	8.97	48.83
0	45.00	Bee11	12.13	23.51
0	45.00	Bee12	19.42	39.31
0	45.00	Bee13	9.55	39.64
0	45.00	Bee14	14.55	11.66
0	45.00	Bee15	23.07	25.24
0	45.00	Bee16	21.88	47.01
0	45.00	Bee17	17.57	48.02
0	45.00	Bee18	9.26	38.71
0	45.00	Bee19	49.50	14.37
0	45.00	Bee20	15.27	31.75
0	45.00	Bee21	8.43	49.29
0	45.00	Bee22	5.58	19.32
0	45.00	Bee23	16.99	49.04
0	45.00	Bee24	43.87	40.36
0	45.00	Bee25	14.63	4.30
0	45.00	Bee26	29.01	22.35
0	45.00	Bee27	2.14	10.24
0	45.00	Bee28	46.64	11.50
0	45.00	Bee29	16.15	42.52
0	46.00	Bee00	46.39	4.15
0	46.00	Bee01	17.41	28.15
0	46.00	Bee02	45.78	27.09
0	46.00	Bee03	17.90	49.55
0	46.00	Bee04	6.01	47.04
0	46.00	Bee05	8.18	2.33
0	46.00	Bee06	44.75	5.50
0	46.00	Bee07	41.31	7.47
0	46.00	Bee08	0.54	3.59
0	46.00	Bee09	9.06	24.33
0	46.00	Bee10	9.26	49.13
0	46.00	Bee11	12.76	21.76
0	46.00	Bee12	21.00	38.34
0	46.00	Bee13	9.55	39.64
0	46.00	Bee14	15.05	13.44
0	46.00	Bee15	23.07	25.24
0	46.00	Bee16	22.26	48.83
0	46.00	Bee17	17.40	48.40
0	46.00	Bee18	9.26	38.71
0	46.00	Bee19	48.59	13.95
0	46.00	Bee20	16.99	31.04
0	46.00	Bee21	8.11	49.56
0	46.00	Bee22	6.54	20.90
0	46.00	Bee23	16.99	49.04
0	46.00	Bee24	44.90	41.90
0	46.00	Bee25	16.43	3.84
0	46.00	Bee26	27.27	21.71
0	46.00	Bee27	3.62	11.36
0	46.00	Bee28	46.56	10.51
0	46.00	Bee29	16.71	44.29
0	47.00	Bee00	48.55	3.44
0	47.00	Bee01	17.16	29.49
0	47.00	Bee02	44.38	28.90
0	47.00	Bee03	17.90	49.55
0	47.00	Bee04	8.22	46.48
0	47.00	Bee05	10.26	1.38
0	47.00	Bee06	44.30	3.27
0	47.00	Bee07	41.63	5.22
0	47.00	Bee08	0.54	3.59
0	47.00	Bee09	11.15	25.22
0	47.00	Bee10	9.26	49.13
0	47.00	Bee11	13.53	19.62
0	47.00	Bee12	22.94	37.14
0	47.00	Bee13	9.63	40.06
0	47.00	Bee14	15.67	15.64
0	47.00	Bee15	23.07	25.24
0	47.00	Bee16	22.36	49.29
0	47.00	Bee17	17.40	48.40
0	47.00	Bee18	9.50	39.03
0	47.00	Bee19	46.52	13.00
0	47.00	Bee20	19.10	30.18
0	47.00	Bee21	8.11	49.56
0	47.00	Bee22	7.72	22.85
0	47.00	Bee23	16.67	49.38
0	47.00	Bee24	46.18	43.79
0	47.00	Bee25	18.64	3.28
0	47.00	Bee26	25.13	20.94
0	47.00	Bee27	5.44	12.74
0	47.00	Bee28	46.38	8.24
0	47.00	Bee29	17.39	46.46
0	48.00	Bee00	49.07	3.28
0	48.00	Bee01	17.16	29.49
0	48.00	Bee02	43.33	30.25
0	48.00	Bee03	18.02	49.01
0	48.00	Bee04	9.89	46.06
0	48.00	Bee05	11.36	0.87
0	48.00	Bee06	43.95	1.58
0	48.00	Bee07	41.87	3.52
0	48.00	Bee08	0.54	3.59
0	48.00	Bee09	12.73	25.90
0	48.00	Bee10	8.84	49.40
0	48.00	Bee11	14.11	18.00
0	48.00	Bee12	24.41	36.24
0	48.00	Bee13	9.98	41.74
0	48.00	Bee14	16.13	17.29
0	48.00	Bee15	23.07	25.24
0	48.00	Bee16	22.36	49.29
0	48.00	Bee17	17.70	48.86
0	48.00	Bee18	9.50	39.03
0	48.00	Bee19	44.96	12.28
0	48.00	Bee20	20.69	29.53
0	48.00	Bee21	8.11	49.56
0	48.00	Bee22	8.62	24.32
0	48.00	Bee23	16.67	49.38
0	48.00	Bee24	47.13	45.21
0	48.00	Bee25	20.30	2.85
0	48.00	Bee26	23.51	20.35
0	48.00	Bee27	6.81	13.77
0	48.00	Bee28	46.24	6.53
0	48.00	Bee29	17.90	48.10
0	49.00	Bee00	49.07	3.28
0	49.00	Bee01	17.16	29.49
0	49.00	Bee02	42.06	31.89
0	49.00	Bee03	18.02	49.01
0	49.00	Bee04	11.90	45.55
0	49.00	Bee05	11.36	0.87
0	49.00	Bee06	43.75	0.57
0	49.00	Bee07	42.16	1.46
0	49.00	Bee08	0.43	3.26
0	49.00	Bee09	14.64	26.71
0	49.00	Bee10	8.84	49.40
0	49.00	Bee11	14.82	16.05
0	49.00	Bee12	26.17	35.15
0	49.00	Bee13	10.40	43.78
0	49.00	Bee14	16.69	19.29
0	49.00	Bee15	23.07	25.24
0	49.00	Bee16	21.91	49.28
0	49.00	Bee17	18.04	48.87
0	49.00	Bee18	8.79	39.79
0	49.00	Bee19	43.08	11.41
0	49.00	Bee20	22.61	28.75
0	49.00	Bee21	8.11	49.56
0	49.00	Bee22	9.69	26.09
0	49.00	Bee23	15.83	48.15
0	49.00	Bee24	48.29	46.93
0	49.00	Bee25	22.31	2.34
0	49.00	Bee26	21.56	19.64
0	49.00	Bee27	8.46	15.03
0	49.00	Bee28	46.08	4.46
0	49.00	Bee29	17.90	48.10
0	50.00	Bee00	49.26	3.66
0	50.00	Bee01	17.16	29.49
0	50.00	Bee02	40.81	33.49
0	50.00	Bee03	18.53	49.10
0	50.00	Bee04	13.86	45.05
0	50.00	Bee05	12.38	2.11
0	50.00	Bee06	43.75	0.57
0	50.00	Bee07	42.30	0.53
0	50.00	Bee08	0.43	3.26
0	50.00	Bee09	16.50	27.51
0	50.00	Bee10	8.84	49.40
0	50.00	Bee11	15.51	14.15
0	50.00	Bee12	27.90	34.09
0	50.00	Bee13	10.81	45.76
0	50.00	Bee14	17.24	21.24
0	50.00	Bee15	23.07	25.24
0	50.00	Bee16	21.91	49.28
0	50.00	Bee17	18.04	48.87
0	50.00	Bee18	7.40	41.27
0	50.00	Bee19	41.23	10.57
0	50.00	Bee20	24.48	27.98
0	50.00	Bee21	8.11	49.56
0	50.00	Bee22	10.75	27.82
0	50.00	Bee23	14.69	46.47
0	50.00	Bee24	49.11	48.15
0	50.00	Bee25	24.27	1.84
0	50.00	Bee26	19.66	18.95
0	50.00	Bee27	10.08	16.25
0	50.00	Bee28	45.92	2.44
0	50.00	Bee29	17.43	48.41
0	51.00	Bee00	49.26	3.66
0	51.00	Bee01	17.16	29.49
0	51.00	Bee02	40.43	33.98
0	51.00	Bee03	18.53	49.10
0	51.00	Bee04	14.47	44.89
0	51.00	Bee05	12.78	2.59
0	51.00	Bee06	43.75	0.57
0	51.00	Bee07	42.30	0.53
0	51.00	Bee08	0.43	3.26
0	51.00	Bee09	17.08	27.75
0	51.00	Bee10	8.84	49.40
0	51.00	Bee11	15.72	13.56
0	51.00	Bee12	28.43	33.76
0	51.00	Bee13	10.93	46.38
0	51.00	Bee14	17.41	21.84
0	51.00	Bee15	23.07	25.24
0	51.00	Bee16	21.91	49.28
0	51.00	Bee17	18.04	48.87
0	51.00	Bee18	6.97	41.73
0	51.00	Bee19	40.67	10.31
0	51.00	Bee20	25.06	27.74
0	51.00	Bee21	8.73	49.48
0	51.00	Bee22	11.07	28.36
0	51.00	Bee23	14.33	45.96
0	51.00	Bee24	49.11	48.15
0	51.00	Bee25	24.88	1.68
0	51.00	Bee26	19.07	18.74
0	51.00	Bee27	10.58	16.63
0	51.00	Bee28	45.87	1.81
0	51.00	Bee29	17.43	48.41
0	52.00	Bee00	49.26	3.66
0	52.00	Bee01	17.16	29.49
0	52.00	Bee02	40.43	33.98
0	52.00	Bee03	18.53	49.10
0	52.00	Bee04	14.47	44.89
0	52.00	Bee05	12.78	2.59
0	52.00	Bee06	43.75	0.57
0	52.00	Bee07	42.30	0.53
0	52.00	Bee08	0.43	3.26
0	52.00	Bee09	17.08	27.75
0	52.00	Bee10	8.84	49.40
0	52.00	Bee11	15.72	13.56
0	52.00	Bee12	28.43	33.76
0	52.00	Bee13	10.93	46.38
0	52.00	Bee14	17.41	21.84
0	52.00	Bee15	23.07	25.24
0	52.00	Bee16	21.91	49.28
0	52.00	Bee17	18.04	48.87
0	52.00	Bee18	6.97	41.73
0	52.00	Bee19	40.67	10.31
0	52.00	Bee20	25.06	27.74
0	52.00	Bee21	8.73	49.48
0	52.00	Bee22	11.07	28.36
0	52.00	Bee23	14.33	45.96
0	52.00	Bee24	49.11	48.15
0	52.00	Bee25	24.88	1.68
0	52.00	Bee26	19.07	18.74
0	52.00	Bee27	10.58	16.63
0	52.00	Bee28	45.87	1.81
0	52.00	Bee29	17.43	48.41
0	53.00	Bee00	49.26	3.66
0	53.00	Bee01	17.16	29.49
0	53.00	Bee02	37.25	38.07
0	53.00	Bee03	18.53	49.10
0	53.00	Bee04	19.49	43.62
0	53.00	Bee05	16.08	6.58
0	53.00	Bee06	43.75	0.57
0	53.00	Bee07	42.30	0.53
0	53.00	Bee08	0.43	3.26
0	53.00	Bee09	21.84	29.79
0	53.00	Bee10	8.84	49.40
0	53.00	Bee11	17.48	8.69
0	53.00	Bee12	32.84	31.05
0	53.00	Bee13	10.93	46.38
0	53.00	Bee14	18.81	26.83
0	53.00	Bee15	23.07	25.24
0	53.00	Bee16	22.18	44.11
0	53.00	Bee17	18.04	48.87
0	53.00	Bee18	3.43	45.51
0	53.00	Bee19	35.96	8.14
0	53.00	Bee20	29.86	25.78
0	53.00	Bee21	8.73	49.48
0	53.00	Bee22	13.76	32.78
0	53.00	Bee23	14.33	45.96
0	53.00	Bee24	49.11	48.15
0	53.00	Bee25	24.88	1.68
0	53.00	Bee26	14.20	16.98
0	53.00	Bee27	14.71	19.75
0	53.00	Bee28	45.87	1.81
0	53.00	Bee29	17.43	48.41
0	54.00	Bee00	49.26	3.66
0	54.00	Bee01	17.16	29.49
0	54.00	Bee02	37.25	38.07
0	54.00	Bee03	18.53	49.10
0	54.00	Bee04	19.49	43.62
0	54.00	Bee05	16.08	6.58
0	54.00	Bee06	43.75	0.57
0	54.00	Bee07	42.30	0.53
0	54.00	Bee08	0.43	3.26
0	54.00	Bee09	21.84	29.79
0	54.00	Bee10	8.84	49.40
0	54.00	Bee11	17.48	8.69
0	54.00	Bee12	32.84	31.05
0	54.00	Bee13	10.93	46.38
0	54.00	Bee14	18.81	26.83
0	54.00	Bee15	23.07	25.24
0	54.00	Bee16	22.18	44.11
0	54.00	Bee17	18.04	48.87
0	54.00	Bee18	3.43	45.51
0	54.00	Bee19	35.96	8.14
0	54.00	Bee20	29.86	25.78
0	54.00	Bee21	8.73	49.48
0	54.00	Bee22	13.76	32.78
0	54.00	Bee23	14.33	45.96
0	54.00	Bee24	49.11	48.15
0	54.00	Bee25	24.88	1.68
0	54.00	Bee26	14.20	16.98
0	54.00	Bee27	14.71	19.75
0	54.00	Bee28	45.87	1.81
0	54.00	Bee29	17.43	48.41
0	55.00	Bee00	49.26	3.66
0	55.00	Bee01	17.16	29.49
0	55.00	Bee02	37.25	38.07
0	55.00	Bee03	18.53	49.10
0	55.00	Bee04	19.49	43.62
0	55.00	Bee05	16.08	6.58
0	55.00	Bee06	43.75	0.57
0	55.00	Bee07	42.30	0.53
0	55.00	Bee08	0.43	3.26
0	55.00	Bee09	21.84	29.79
0	55.00	Bee10	8.84	49.40
0	55.00	Bee11	17.48	8.69
0	55.00	Bee12	32.84	31.05
0	55.00	Bee13	10.93	46.38
0	55.00	Bee14	18.81	26.83
0	55.00	Bee15	23.07	25.24
0	55.00	Bee16	22.18	44.11
0	55.00	Bee17	18.04	48.87
0	55.00	Bee18	3.43	45.51
0	55.00	Bee19	35.96	8.14
0	55.00	Bee20	29.86	25.78
0	55.00	Bee21	8.73	49.48
0	55.00	Bee22	13.76	32.78
0	55.00	Bee23	14.33	45.96
0	55.00	Bee24	49.11	48.15
0	55.00	Bee25	24.88	1.68
0	55.00	Bee26	14.20	16.98
0	55.00	Bee27	14.71	19.75
0	55.00	Bee28	45.87	1.81
0	55.00	Bee29	17.43	48.41
0	56.00	Bee00	49.26	3.66
0	56.00	Bee01	17.16	29.49
0	56.00	Bee02	33.66	42.69
0	56.00	Bee03	18.53	49.10
0	56.00	Bee04	25.16	42.18
0	56.00	Bee05	19.82	11.09
0	56.00	Bee06	43.75	0.57
0	56.00	Bee07	40.70	6.16
0	56.00	Bee08	0.71	9.11
0	56.00	Bee09	27.23	32.09
0	56.00	Bee10	8.84	49.40
0	56.00	Bee11	19.47	3.18
0	56.00	Bee12	37.82	27.98
0	56.00	Bee13	10.93	46.38
0	56.00	Bee14	20.39	32.47
0	56.00	Bee15	23.07	25.24
0	56.00	Bee16	22.49	38.26
0	56.00	Bee17	12.21	49.28
0	56.00	Bee18	3.43	45.51
0	56.00	Bee19	30.64	5.69
0	56.00	Bee20	35.28	23.56
0	56.00	Bee21	8.73	49.48
0	56.00	Bee22	16.80	37.78
0	56.00	Bee23	14.33	45.96
0	56.00	Bee24	47.79	42.45
0	56.00	Bee25	24.88	1.68
0	56.00	Bee26	8.69	14.98
0	56.00	Bee27	19.37	23.29
0	56.00	Bee28	45.87	1.81
0	56.00	Bee29	18.07	42.59
0	57.00	Bee00	48.75	3.49
0	57.00	Bee01	17.16	29.49
0	57.00	Bee02	32.34	44.39
0	57.00	Bee03	18.06	48.84
0	57.00	Bee04	27.25	41.65
0	57.00	Bee05	21.19	12.75
0	57.00	Bee06	42.17	2.03
0	57.00	Bee07	40.11	8.22
0	57.00	Bee08	0.71	9.11
0	57.00	Bee09	29.20	32.93
0	57.00	Bee10	8.89	47.25
0	57.00	Bee11	20.20	1.16
0	57.00	Bee12	39.65	26.85
0	57.00	Bee13	11.74	44.38
0	57.00	Bee14	20.97	34.54
0	57.00	Bee15	23.07	25.24
0	57.00	Bee16	22.61	36.12
0	57.00	Bee17	12.21	49.28
0	57.00	Bee18	2.90	45.57
0	57.00	Bee19	28.69	4.79
0	57.00	Bee20	37.27	22.75
0	57.00	Bee21	8.73	49.48
0	57.00	Bee22	17.92	39.62
0	57.00	Bee23	14.36	48.11
0	57.00	Bee24	47.30	40.36
0	57.00	Bee25	22.85	0.97
0	57.00	Bee26	6.67	14.25
0	57.00	Bee27	21.09	24.58
0	57.00	Bee28	47.20	3.50
0	57.00	Bee29	18.30	40.45
0	58.00	Bee00	48.27	3.34
0	58.00	Bee01	17.16	29.49
0	58.00	Bee02	31.02	46.09
0	58.00	Bee03	16.18	47.78
0	58.00	Bee04	29.34	41.12
0	58.00	Bee05	22.56	14.41
0	58.00	Bee06	40.59	3.50
0	58.00	Bee07	39.52	10.30
0	58.00	Bee08	0.45	9.12
0	58.00	Bee09	31.19	33.78
0	58.00	Bee10	8.94	45.10
0	58.00	Bee11	20.37	0.69
0	58.00	Bee12	41.49	25.72
0	58.00	Bee13	12.55	42.39
0	58.00	Bee14	21.27	35.63
0	58.00	Bee15	23.07	25.24
0	58.00	Bee16	22.72	33.96
0	58.00	Bee17	12.19	48.67
0	58.00	Bee18	0.76	45.82
0	58.00	Bee19	26.73	3.89
0	58.00	Bee20	39.26	21.93
0	58.00	Bee21	8.10	49.53
0	58.00	Bee22	18.18	40.05
0	58.00	Bee23	14.37	49.25
0	58.00	Bee24	46.81	38.26
0	58.00	Bee25	22.85	0.97
0	58.00	Bee26	4.65	13.51
0	58.00	Bee27	21.99	25.27
0	58.00	Bee28	47.51	3.90
0	58.00	Bee29	18.35	39.95
0	59.00	Bee00	48.27	3.34
0	59.00	Bee01	17.16	29.49
0	59.00	Bee02	29.81	47.65
0	59.00	Bee03	14.47	46.82
0	59.00	Bee04	31.25	40.64
0	59.00	Bee05	23.82	15.92
0	59.00	Bee06	39.14	4.83
0	59.00	Bee07	38.98	12.19
0	59.00	Bee08	0.45	9.12
0	59.00	Bee09	33.00	34.55
0	59.00	Bee10	8.98	43.13
0	59.00	Bee11	20.82	0.64
0	59.00	Bee12	43.17	24.68
0	59.00	Bee13	13.29	40.56
0	59.00	Bee14	21.27	35.63
0	59.00	Bee15	23.07	25.24
0	59.00	Bee16	22.83	32.00
0	59.00	Bee17	12.14	46.70
0	59.00	Bee18	0.76	45.82
0	59.00	Bee19	24.94	3.07
0	59.00	Bee20	41.08	21.19
0	59.00	Bee21	8.10	49.53
0	59.00	Bee22	18.76	40.04
0	59.00	Bee23	14.12	49.40
0	59.00	Bee24	46.36	36.34
0	59.00	Bee25	22.90	0.52
0	59.00	Bee26	2.80	12.84
0	59.00	Bee27	21.99	25.27
0	59.00	Bee28	47.51	3.90
0	59.00	Bee29	18.35	39.95
